         Index             t            HF            Tr
#           [#]           [s]          [mW]          [°C]
             0  0.00000e+000  4.64647e-001  2.50000e+001
             1  1.00000e+000 -2.77469e-001  2.51667e+001
             2  2.00000e+000 -1.08001e+000  2.53333e+001
             3  3.00000e+000 -1.84614e+000  2.55000e+001
             4  4.00000e+000 -2.47675e+000  2.56667e+001
             5  5.00000e+000 -3.03384e+000  2.58333e+001
             6  6.00000e+000 -3.50873e+000  2.60000e+001
             7  7.00000e+000 -3.93046e+000  2.61667e+001
             8  8.00000e+000 -4.24490e+000  2.63333e+001
             9  9.00000e+000 -4.51496e+000  2.65000e+001
            10  1.00000e+001 -4.74259e+000  2.66667e+001
            11  1.10000e+001 -4.94531e+000  2.68333e+001
            12  1.20000e+001 -5.09750e+000  2.70000e+001
            13  1.30000e+001 -5.23183e+000  2.71667e+001
            14  1.40000e+001 -5.34839e+000  2.73333e+001
            15  1.50000e+001 -5.45380e+000  2.75000e+001
            16  1.60000e+001 -5.53958e+000  2.76667e+001
            17  1.70000e+001 -5.61846e+000  2.78333e+001
            18  1.80000e+001 -5.68954e+000  2.80000e+001
            19  1.90000e+001 -5.75604e+000  2.81667e+001
            20  2.00000e+001 -5.81361e+000  2.83333e+001
            21  2.10000e+001 -5.86724e+000  2.85000e+001
            22  2.20000e+001 -5.91753e+000  2.86667e+001
            23  2.30000e+001 -5.96697e+000  2.88333e+001
            24  2.40000e+001 -6.00958e+000  2.90000e+001
            25  2.50000e+001 -6.05071e+000  2.91667e+001
            26  2.60000e+001 -6.08975e+000  2.93333e+001
            27  2.70000e+001 -6.12742e+000  2.95000e+001
            28  2.80000e+001 -6.16186e+000  2.96667e+001
            29  2.90000e+001 -6.19516e+000  2.98333e+001
            30  3.00000e+001 -6.22712e+000  3.00000e+001
            31  3.10000e+001 -6.25811e+000  3.01667e+001
            32  3.20000e+001 -6.28684e+000  3.03333e+001
            33  3.30000e+001 -6.31557e+000  3.05000e+001
            34  3.40000e+001 -6.34363e+000  3.06667e+001
            35  3.50000e+001 -6.37065e+000  3.08333e+001
            36  3.60000e+001 -6.39487e+000  3.10000e+001
            37  3.70000e+001 -6.41852e+000  3.11667e+001
            38  3.80000e+001 -6.44173e+000  3.13333e+001
            39  3.90000e+001 -6.46486e+000  3.15000e+001
            40  4.00000e+001 -6.48758e+000  3.16667e+001
            41  4.10000e+001 -6.50982e+000  3.18333e+001
            42  4.20000e+001 -6.53079e+000  3.20000e+001
            43  4.30000e+001 -6.55145e+000  3.21667e+001
            44  4.40000e+001 -6.57073e+000  3.23333e+001
            45  4.50000e+001 -6.59019e+000  3.25000e+001
            46  4.60000e+001 -6.60941e+000  3.26667e+001
            47  4.70000e+001 -6.62836e+000  3.28333e+001
            48  4.80000e+001 -6.64646e+000  3.30000e+001
            49  4.90000e+001 -6.66458e+000  3.31667e+001
            50  5.00000e+001 -6.68235e+000  3.33333e+001
            51  5.10000e+001 -6.69986e+000  3.35000e+001
            52  5.20000e+001 -6.71640e+000  3.36667e+001
            53  5.30000e+001 -6.73293e+000  3.38333e+001
            54  5.40000e+001 -6.74941e+000  3.40000e+001
            55  5.50000e+001 -6.76575e+000  3.41667e+001
            56  5.60000e+001 -6.78141e+000  3.43333e+001
            57  5.70000e+001 -6.79714e+000  3.45000e+001
            58  5.80000e+001 -6.81281e+000  3.46667e+001
            59  5.90000e+001 -6.82841e+000  3.48333e+001
            60  6.00000e+001 -6.84331e+000  3.50000e+001
            61  6.10000e+001 -6.85840e+000  3.51667e+001
            62  6.20000e+001 -6.87346e+000  3.53333e+001
            63  6.30000e+001 -6.88852e+000  3.55000e+001
            64  6.40000e+001 -6.90325e+000  3.56667e+001
            65  6.50000e+001 -6.91807e+000  3.58333e+001
            66  6.60000e+001 -6.93284e+000  3.60000e+001
            67  6.70000e+001 -6.94750e+000  3.61667e+001
            68  6.80000e+001 -6.96186e+000  3.63333e+001
            69  6.90000e+001 -6.97618e+000  3.65000e+001
            70  7.00000e+001 -6.99048e+000  3.66667e+001
            71  7.10000e+001 -7.00476e+000  3.68333e+001
            72  7.20000e+001 -7.01841e+000  3.70000e+001
            73  7.30000e+001 -7.03217e+000  3.71667e+001
            74  7.40000e+001 -7.04587e+000  3.73333e+001
            75  7.50000e+001 -7.05949e+000  3.75000e+001
            76  7.60000e+001 -7.07270e+000  3.76667e+001
            77  7.70000e+001 -7.08600e+000  3.78333e+001
            78  7.80000e+001 -7.09928e+000  3.80000e+001
            79  7.90000e+001 -7.11252e+000  3.81667e+001
            80  8.00000e+001 -7.12563e+000  3.83333e+001
            81  8.10000e+001 -7.13889e+000  3.85000e+001
            82  8.20000e+001 -7.15215e+000  3.86667e+001
            83  8.30000e+001 -7.16533e+000  3.88333e+001
            84  8.40000e+001 -7.17848e+000  3.90000e+001
            85  8.50000e+001 -7.19153e+000  3.91667e+001
            86  8.60000e+001 -7.20444e+000  3.93333e+001
            87  8.70000e+001 -7.21732e+000  3.95000e+001
            88  8.80000e+001 -7.22998e+000  3.96667e+001
            89  8.90000e+001 -7.24273e+000  3.98333e+001
            90  9.00000e+001 -7.25539e+000  4.00000e+001
            91  9.10000e+001 -7.26801e+000  4.01667e+001
            92  9.20000e+001 -7.28068e+000  4.03333e+001
            93  9.30000e+001 -7.29329e+000  4.05000e+001
            94  9.40000e+001 -7.30582e+000  4.06667e+001
            95  9.50000e+001 -7.31834e+000  4.08333e+001
            96  9.60000e+001 -7.33084e+000  4.10000e+001
            97  9.70000e+001 -7.34339e+000  4.11667e+001
            98  9.80000e+001 -7.35589e+000  4.13333e+001
            99  9.90000e+001 -7.36831e+000  4.15000e+001
           100  1.00000e+002 -7.38071e+000  4.16667e+001
           101  1.01000e+002 -7.39308e+000  4.18333e+001
           102  1.02000e+002 -7.40544e+000  4.20000e+001
           103  1.03000e+002 -7.41782e+000  4.21667e+001
           104  1.04000e+002 -7.43013e+000  4.23333e+001
           105  1.05000e+002 -7.44252e+000  4.25000e+001
           106  1.06000e+002 -7.45491e+000  4.26667e+001
           107  1.07000e+002 -7.46721e+000  4.28333e+001
           108  1.08000e+002 -7.47956e+000  4.30000e+001
           109  1.09000e+002 -7.49187e+000  4.31667e+001
           110  1.10000e+002 -7.50425e+000  4.33333e+001
           111  1.11000e+002 -7.51667e+000  4.35000e+001
           112  1.12000e+002 -7.52890e+000  4.36667e+001
           113  1.13000e+002 -7.54114e+000  4.38333e+001
           114  1.14000e+002 -7.55335e+000  4.40000e+001
           115  1.15000e+002 -7.56554e+000  4.41667e+001
           116  1.16000e+002 -7.57763e+000  4.43333e+001
           117  1.17000e+002 -7.58980e+000  4.45000e+001
           118  1.18000e+002 -7.60199e+000  4.46667e+001
           119  1.19000e+002 -7.61418e+000  4.48333e+001
           120  1.20000e+002 -7.62634e+000  4.50000e+001
           121  1.21000e+002 -7.63838e+000  4.51667e+001
           122  1.22000e+002 -7.65029e+000  4.53333e+001
           123  1.23000e+002 -7.66212e+000  4.55000e+001
           124  1.24000e+002 -7.67375e+000  4.56667e+001
           125  1.25000e+002 -7.68546e+000  4.58333e+001
           126  1.26000e+002 -7.69721e+000  4.60000e+001
           127  1.27000e+002 -7.70898e+000  4.61667e+001
           128  1.28000e+002 -7.72072e+000  4.63333e+001
           129  1.29000e+002 -7.73256e+000  4.65000e+001
           130  1.30000e+002 -7.74441e+000  4.66667e+001
           131  1.31000e+002 -7.75619e+000  4.68333e+001
           132  1.32000e+002 -7.76805e+000  4.70000e+001
           133  1.33000e+002 -7.77994e+000  4.71667e+001
           134  1.34000e+002 -7.79190e+000  4.73333e+001
           135  1.35000e+002 -7.80392e+000  4.75000e+001
           136  1.36000e+002 -7.81604e+000  4.76667e+001
           137  1.37000e+002 -7.82810e+000  4.78333e+001
           138  1.38000e+002 -7.84010e+000  4.80000e+001
           139  1.39000e+002 -7.85203e+000  4.81667e+001
           140  1.40000e+002 -7.86399e+000  4.83333e+001
           141  1.41000e+002 -7.87587e+000  4.85000e+001
           142  1.42000e+002 -7.88774e+000  4.86667e+001
           143  1.43000e+002 -7.89965e+000  4.88333e+001
           144  1.44000e+002 -7.91134e+000  4.90000e+001
           145  1.45000e+002 -7.92314e+000  4.91667e+001
           146  1.46000e+002 -7.93489e+000  4.93333e+001
           147  1.47000e+002 -7.94660e+000  4.95000e+001
           148  1.48000e+002 -7.95855e+000  4.96667e+001
           149  1.49000e+002 -7.97052e+000  4.98333e+001
           150  1.50000e+002 -7.98248e+000  5.00000e+001
           151  1.51000e+002 -7.99446e+000  5.01667e+001
           152  1.52000e+002 -8.00675e+000  5.03333e+001
           153  1.53000e+002 -8.01901e+000  5.05000e+001
           154  1.54000e+002 -8.03128e+000  5.06667e+001
           155  1.55000e+002 -8.04354e+000  5.08333e+001
           156  1.56000e+002 -8.05595e+000  5.10000e+001
           157  1.57000e+002 -8.06818e+000  5.11667e+001
           158  1.58000e+002 -8.08034e+000  5.13333e+001
           159  1.59000e+002 -8.09251e+000  5.15000e+001
           160  1.60000e+002 -8.10446e+000  5.16667e+001
           161  1.61000e+002 -8.11642e+000  5.18333e+001
           162  1.62000e+002 -8.12833e+000  5.20000e+001
           163  1.63000e+002 -8.14020e+000  5.21667e+001
           164  1.64000e+002 -8.15205e+000  5.23333e+001
           165  1.65000e+002 -8.16400e+000  5.25000e+001
           166  1.66000e+002 -8.17600e+000  5.26667e+001
           167  1.67000e+002 -8.18807e+000  5.28333e+001
           168  1.68000e+002 -8.20031e+000  5.30000e+001
           169  1.69000e+002 -8.21237e+000  5.31667e+001
           170  1.70000e+002 -8.22438e+000  5.33333e+001
           171  1.71000e+002 -8.23642e+000  5.35000e+001
           172  1.72000e+002 -8.24846e+000  5.36667e+001
           173  1.73000e+002 -8.26052e+000  5.38333e+001
           174  1.74000e+002 -8.27265e+000  5.40000e+001
           175  1.75000e+002 -8.28487e+000  5.41667e+001
           176  1.76000e+002 -8.29716e+000  5.43333e+001
           177  1.77000e+002 -8.30942e+000  5.45000e+001
           178  1.78000e+002 -8.32164e+000  5.46667e+001
           179  1.79000e+002 -8.33384e+000  5.48333e+001
           180  1.80000e+002 -8.34616e+000  5.50000e+001
           181  1.81000e+002 -8.35839e+000  5.51667e+001
           182  1.82000e+002 -8.37058e+000  5.53333e+001
           183  1.83000e+002 -8.38281e+000  5.55000e+001
           184  1.84000e+002 -8.39490e+000  5.56667e+001
           185  1.85000e+002 -8.40703e+000  5.58333e+001
           186  1.86000e+002 -8.41921e+000  5.60000e+001
           187  1.87000e+002 -8.43142e+000  5.61667e+001
           188  1.88000e+002 -8.44357e+000  5.63333e+001
           189  1.89000e+002 -8.45577e+000  5.65000e+001
           190  1.90000e+002 -8.46804e+000  5.66667e+001
           191  1.91000e+002 -8.48032e+000  5.68333e+001
           192  1.92000e+002 -8.49278e+000  5.70000e+001
           193  1.93000e+002 -8.50519e+000  5.71667e+001
           194  1.94000e+002 -8.51759e+000  5.73333e+001
           195  1.95000e+002 -8.53002e+000  5.75000e+001
           196  1.96000e+002 -8.54250e+000  5.76667e+001
           197  1.97000e+002 -8.55484e+000  5.78333e+001
           198  1.98000e+002 -8.56706e+000  5.80000e+001
           199  1.99000e+002 -8.57926e+000  5.81667e+001
           200  2.00000e+002 -8.59147e+000  5.83333e+001
           201  2.01000e+002 -8.60375e+000  5.85000e+001
           202  2.02000e+002 -8.61597e+000  5.86667e+001
           203  2.03000e+002 -8.62816e+000  5.88333e+001
           204  2.04000e+002 -8.64045e+000  5.90000e+001
           205  2.05000e+002 -8.65274e+000  5.91667e+001
           206  2.06000e+002 -8.66504e+000  5.93333e+001
           207  2.07000e+002 -8.67735e+000  5.95000e+001
           208  2.08000e+002 -8.68954e+000  5.96667e+001
           209  2.09000e+002 -8.70173e+000  5.98333e+001
           210  2.10000e+002 -8.71394e+000  6.00000e+001
           211  2.11000e+002 -8.72618e+000  6.01667e+001
           212  2.12000e+002 -8.73834e+000  6.03333e+001
           213  2.13000e+002 -8.75063e+000  6.05000e+001
           214  2.14000e+002 -8.76304e+000  6.06667e+001
           215  2.15000e+002 -8.77544e+000  6.08333e+001
           216  2.16000e+002 -8.78797e+000  6.10000e+001
           217  2.17000e+002 -8.80048e+000  6.11667e+001
           218  2.18000e+002 -8.81297e+000  6.13333e+001
           219  2.19000e+002 -8.82548e+000  6.15000e+001
           220  2.20000e+002 -8.83814e+000  6.16667e+001
           221  2.21000e+002 -8.85078e+000  6.18333e+001
           222  2.22000e+002 -8.86333e+000  6.20000e+001
           223  2.23000e+002 -8.87581e+000  6.21667e+001
           224  2.24000e+002 -8.88831e+000  6.23333e+001
           225  2.25000e+002 -8.90068e+000  6.25000e+001
           226  2.26000e+002 -8.91301e+000  6.26667e+001
           227  2.27000e+002 -8.92538e+000  6.28333e+001
           228  2.28000e+002 -8.93776e+000  6.30000e+001
           229  2.29000e+002 -8.95031e+000  6.31667e+001
           230  2.30000e+002 -8.96291e+000  6.33333e+001
           231  2.31000e+002 -8.97554e+000  6.35000e+001
           232  2.32000e+002 -8.98837e+000  6.36667e+001
           233  2.33000e+002 -9.00097e+000  6.38333e+001
           234  2.34000e+002 -9.01354e+000  6.40000e+001
           235  2.35000e+002 -9.02611e+000  6.41667e+001
           236  2.36000e+002 -9.03841e+000  6.43333e+001
           237  2.37000e+002 -9.05086e+000  6.45000e+001
           238  2.38000e+002 -9.06329e+000  6.46667e+001
           239  2.39000e+002 -9.07569e+000  6.48333e+001
           240  2.40000e+002 -9.08808e+000  6.50000e+001
           241  2.41000e+002 -9.10045e+000  6.51667e+001
           242  2.42000e+002 -9.11285e+000  6.53333e+001
           243  2.43000e+002 -9.12530e+000  6.55000e+001
           244  2.44000e+002 -9.13782e+000  6.56667e+001
           245  2.45000e+002 -9.15043e+000  6.58333e+001
           246  2.46000e+002 -9.16306e+000  6.60000e+001
           247  2.47000e+002 -9.17568e+000  6.61667e+001
           248  2.48000e+002 -9.18842e+000  6.63333e+001
           249  2.49000e+002 -9.20113e+000  6.65000e+001
           250  2.50000e+002 -9.21388e+000  6.66667e+001
           251  2.51000e+002 -9.22661e+000  6.68333e+001
           252  2.52000e+002 -9.23917e+000  6.70000e+001
           253  2.53000e+002 -9.25171e+000  6.71667e+001
           254  2.54000e+002 -9.26429e+000  6.73333e+001
           255  2.55000e+002 -9.27691e+000  6.75000e+001
           256  2.56000e+002 -9.28957e+000  6.76667e+001
           257  2.57000e+002 -9.30233e+000  6.78333e+001
           258  2.58000e+002 -9.31513e+000  6.80000e+001
           259  2.59000e+002 -9.32789e+000  6.81667e+001
           260  2.60000e+002 -9.34086e+000  6.83333e+001
           261  2.61000e+002 -9.35374e+000  6.85000e+001
           262  2.62000e+002 -9.36662e+000  6.86667e+001
           263  2.63000e+002 -9.37945e+000  6.88333e+001
           264  2.64000e+002 -9.39217e+000  6.90000e+001
           265  2.65000e+002 -9.40491e+000  6.91667e+001
           266  2.66000e+002 -9.41767e+000  6.93333e+001
           267  2.67000e+002 -9.43044e+000  6.95000e+001
           268  2.68000e+002 -9.44318e+000  6.96667e+001
           269  2.69000e+002 -9.45590e+000  6.98333e+001
           270  2.70000e+002 -9.46865e+000  7.00000e+001
           271  2.71000e+002 -9.48147e+000  7.01667e+001
           272  2.72000e+002 -9.49443e+000  7.03333e+001
           273  2.73000e+002 -9.50729e+000  7.05000e+001
           274  2.74000e+002 -9.52005e+000  7.06667e+001
           275  2.75000e+002 -9.53278e+000  7.08333e+001
           276  2.76000e+002 -9.54557e+000  7.10000e+001
           277  2.77000e+002 -9.55826e+000  7.11667e+001
           278  2.78000e+002 -9.57091e+000  7.13333e+001
           279  2.79000e+002 -9.58349e+000  7.15000e+001
           280  2.80000e+002 -9.59586e+000  7.16667e+001
           281  2.81000e+002 -9.60829e+000  7.18333e+001
           282  2.82000e+002 -9.62082e+000  7.20000e+001
           283  2.83000e+002 -9.63344e+000  7.21667e+001
           284  2.84000e+002 -9.64590e+000  7.23333e+001
           285  2.85000e+002 -9.65842e+000  7.25000e+001
           286  2.86000e+002 -9.67105e+000  7.26667e+001
           287  2.87000e+002 -9.68376e+000  7.28333e+001
           288  2.88000e+002 -9.69648e+000  7.30000e+001
           289  2.89000e+002 -9.70916e+000  7.31667e+001
           290  2.90000e+002 -9.72176e+000  7.33333e+001
           291  2.91000e+002 -9.73427e+000  7.35000e+001
           292  2.92000e+002 -9.74679e+000  7.36667e+001
           293  2.93000e+002 -9.75929e+000  7.38333e+001
           294  2.94000e+002 -9.77169e+000  7.40000e+001
           295  2.95000e+002 -9.78407e+000  7.41667e+001
           296  2.96000e+002 -9.79637e+000  7.43333e+001
           297  2.97000e+002 -9.80877e+000  7.45000e+001
           298  2.98000e+002 -9.82114e+000  7.46667e+001
           299  2.99000e+002 -9.83343e+000  7.48333e+001
           300  3.00000e+002 -9.84574e+000  7.50000e+001
           301  3.01000e+002 -9.85808e+000  7.51667e+001
           302  3.02000e+002 -9.87042e+000  7.53333e+001
           303  3.03000e+002 -9.88277e+000  7.55000e+001
           304  3.04000e+002 -9.89514e+000  7.56667e+001
           305  3.05000e+002 -9.90752e+000  7.58333e+001
           306  3.06000e+002 -9.91987e+000  7.60000e+001
           307  3.07000e+002 -9.93217e+000  7.61667e+001
           308  3.08000e+002 -9.94441e+000  7.63333e+001
           309  3.09000e+002 -9.95658e+000  7.65000e+001
           310  3.10000e+002 -9.96876e+000  7.66667e+001
           311  3.11000e+002 -9.98097e+000  7.68333e+001
           312  3.12000e+002 -9.99292e+000  7.70000e+001
           313  3.13000e+002 -1.00049e+001  7.71667e+001
           314  3.14000e+002 -1.00169e+001  7.73333e+001
           315  3.15000e+002 -1.00289e+001  7.75000e+001
           316  3.16000e+002 -1.00406e+001  7.76667e+001
           317  3.17000e+002 -1.00525e+001  7.78333e+001
           318  3.18000e+002 -1.00643e+001  7.80000e+001
           319  3.19000e+002 -1.00762e+001  7.81667e+001
           320  3.20000e+002 -1.00880e+001  7.83333e+001
           321  3.21000e+002 -1.00998e+001  7.85000e+001
           322  3.22000e+002 -1.01116e+001  7.86667e+001
           323  3.23000e+002 -1.01234e+001  7.88333e+001
           324  3.24000e+002 -1.01352e+001  7.90000e+001
           325  3.25000e+002 -1.01469e+001  7.91667e+001
           326  3.26000e+002 -1.01586e+001  7.93333e+001
           327  3.27000e+002 -1.01703e+001  7.95000e+001
           328  3.28000e+002 -1.01819e+001  7.96667e+001
           329  3.29000e+002 -1.01935e+001  7.98333e+001
           330  3.30000e+002 -1.02051e+001  8.00000e+001
           331  3.31000e+002 -1.02166e+001  8.01667e+001
           332  3.32000e+002 -1.02280e+001  8.03333e+001
           333  3.33000e+002 -1.02393e+001  8.05000e+001
           334  3.34000e+002 -1.02506e+001  8.06667e+001
           335  3.35000e+002 -1.02620e+001  8.08333e+001
           336  3.36000e+002 -1.02731e+001  8.10000e+001
           337  3.37000e+002 -1.02844e+001  8.11667e+001
           338  3.38000e+002 -1.02956e+001  8.13333e+001
           339  3.39000e+002 -1.03069e+001  8.15000e+001
           340  3.40000e+002 -1.03181e+001  8.16667e+001
           341  3.41000e+002 -1.03293e+001  8.18333e+001
           342  3.42000e+002 -1.03405e+001  8.20000e+001
           343  3.43000e+002 -1.03515e+001  8.21667e+001
           344  3.44000e+002 -1.03625e+001  8.23333e+001
           345  3.45000e+002 -1.03735e+001  8.25000e+001
           346  3.46000e+002 -1.03845e+001  8.26667e+001
           347  3.47000e+002 -1.03955e+001  8.28333e+001
           348  3.48000e+002 -1.04065e+001  8.30000e+001
           349  3.49000e+002 -1.04174e+001  8.31667e+001
           350  3.50000e+002 -1.04283e+001  8.33333e+001
           351  3.51000e+002 -1.04391e+001  8.35000e+001
           352  3.52000e+002 -1.04498e+001  8.36667e+001
           353  3.53000e+002 -1.04606e+001  8.38333e+001
           354  3.54000e+002 -1.04713e+001  8.40000e+001
           355  3.55000e+002 -1.04821e+001  8.41667e+001
           356  3.56000e+002 -1.04927e+001  8.43333e+001
           357  3.57000e+002 -1.05034e+001  8.45000e+001
           358  3.58000e+002 -1.05140e+001  8.46667e+001
           359  3.59000e+002 -1.05246e+001  8.48333e+001
           360  3.60000e+002 -1.05351e+001  8.50000e+001
           361  3.61000e+002 -1.05456e+001  8.51667e+001
           362  3.62000e+002 -1.05562e+001  8.53333e+001
           363  3.63000e+002 -1.05667e+001  8.55000e+001
           364  3.64000e+002 -1.05772e+001  8.56667e+001
           365  3.65000e+002 -1.05877e+001  8.58333e+001
           366  3.66000e+002 -1.05982e+001  8.60000e+001
           367  3.67000e+002 -1.06087e+001  8.61667e+001
           368  3.68000e+002 -1.06191e+001  8.63333e+001
           369  3.69000e+002 -1.06294e+001  8.65000e+001
           370  3.70000e+002 -1.06396e+001  8.66667e+001
           371  3.71000e+002 -1.06499e+001  8.68333e+001
           372  3.72000e+002 -1.06600e+001  8.70000e+001
           373  3.73000e+002 -1.06702e+001  8.71667e+001
           374  3.74000e+002 -1.06803e+001  8.73333e+001
           375  3.75000e+002 -1.06903e+001  8.75000e+001
           376  3.76000e+002 -1.07004e+001  8.76667e+001
           377  3.77000e+002 -1.07105e+001  8.78333e+001
           378  3.78000e+002 -1.07205e+001  8.80000e+001
           379  3.79000e+002 -1.07306e+001  8.81667e+001
           380  3.80000e+002 -1.07406e+001  8.83333e+001
           381  3.81000e+002 -1.07505e+001  8.85000e+001
           382  3.82000e+002 -1.07605e+001  8.86667e+001
           383  3.83000e+002 -1.07704e+001  8.88333e+001
           384  3.84000e+002 -1.07801e+001  8.90000e+001
           385  3.85000e+002 -1.07898e+001  8.91667e+001
           386  3.86000e+002 -1.07993e+001  8.93333e+001
           387  3.87000e+002 -1.08088e+001  8.95000e+001
           388  3.88000e+002 -1.08179e+001  8.96667e+001
           389  3.89000e+002 -1.08272e+001  8.98333e+001
           390  3.90000e+002 -1.08363e+001  9.00000e+001
           391  3.91000e+002 -1.08454e+001  9.01667e+001
           392  3.92000e+002 -1.08543e+001  9.03333e+001
           393  3.93000e+002 -1.08633e+001  9.05000e+001
           394  3.94000e+002 -1.08723e+001  9.06667e+001
           395  3.95000e+002 -1.08812e+001  9.08333e+001
           396  3.96000e+002 -1.08900e+001  9.10000e+001
           397  3.97000e+002 -1.08988e+001  9.11667e+001
           398  3.98000e+002 -1.09076e+001  9.13333e+001
           399  3.99000e+002 -1.09164e+001  9.15000e+001
           400  4.00000e+002 -1.09251e+001  9.16667e+001
           401  4.01000e+002 -1.09338e+001  9.18333e+001
           402  4.02000e+002 -1.09424e+001  9.20000e+001
           403  4.03000e+002 -1.09509e+001  9.21667e+001
           404  4.04000e+002 -1.09592e+001  9.23333e+001
           405  4.05000e+002 -1.09676e+001  9.25000e+001
           406  4.06000e+002 -1.09759e+001  9.26667e+001
           407  4.07000e+002 -1.09841e+001  9.28333e+001
           408  4.08000e+002 -1.09920e+001  9.30000e+001
           409  4.09000e+002 -1.10000e+001  9.31667e+001
           410  4.10000e+002 -1.10080e+001  9.33333e+001
           411  4.11000e+002 -1.10159e+001  9.35000e+001
           412  4.12000e+002 -1.10237e+001  9.36667e+001
           413  4.13000e+002 -1.10316e+001  9.38333e+001
           414  4.14000e+002 -1.10394e+001  9.40000e+001
           415  4.15000e+002 -1.10473e+001  9.41667e+001
           416  4.16000e+002 -1.10550e+001  9.43333e+001
           417  4.17000e+002 -1.10626e+001  9.45000e+001
           418  4.18000e+002 -1.10701e+001  9.46667e+001
           419  4.19000e+002 -1.10775e+001  9.48333e+001
           420  4.20000e+002 -1.10845e+001  9.50000e+001
           421  4.21000e+002 -1.10917e+001  9.51667e+001
           422  4.22000e+002 -1.10988e+001  9.53333e+001
           423  4.23000e+002 -1.11059e+001  9.55000e+001
           424  4.24000e+002 -1.11125e+001  9.56667e+001
           425  4.25000e+002 -1.11192e+001  9.58333e+001
           426  4.26000e+002 -1.11258e+001  9.60000e+001
           427  4.27000e+002 -1.11323e+001  9.61667e+001
           428  4.28000e+002 -1.11385e+001  9.63333e+001
           429  4.29000e+002 -1.11449e+001  9.65000e+001
           430  4.30000e+002 -1.11512e+001  9.66667e+001
           431  4.31000e+002 -1.11575e+001  9.68333e+001
           432  4.32000e+002 -1.11636e+001  9.70000e+001
           433  4.33000e+002 -1.11697e+001  9.71667e+001
           434  4.34000e+002 -1.11758e+001  9.73333e+001
           435  4.35000e+002 -1.11819e+001  9.75000e+001
           436  4.36000e+002 -1.11878e+001  9.76667e+001
           437  4.37000e+002 -1.11937e+001  9.78333e+001
           438  4.38000e+002 -1.11995e+001  9.80000e+001
           439  4.39000e+002 -1.12053e+001  9.81667e+001
           440  4.40000e+002 -1.12108e+001  9.83333e+001
           441  4.41000e+002 -1.12164e+001  9.85000e+001
           442  4.42000e+002 -1.12220e+001  9.86667e+001
           443  4.43000e+002 -1.12275e+001  9.88333e+001
           444  4.44000e+002 -1.12328e+001  9.90000e+001
           445  4.45000e+002 -1.12381e+001  9.91667e+001
           446  4.46000e+002 -1.12432e+001  9.93333e+001
           447  4.47000e+002 -1.12483e+001  9.95000e+001
           448  4.48000e+002 -1.12531e+001  9.96667e+001
           449  4.49000e+002 -1.12580e+001  9.98333e+001
           450  4.50000e+002 -1.12629e+001  1.00000e+002
           451  4.51000e+002 -1.12676e+001  1.00167e+002
           452  4.52000e+002 -1.12722e+001  1.00333e+002
           453  4.53000e+002 -1.12768e+001  1.00500e+002
           454  4.54000e+002 -1.12814e+001  1.00667e+002
           455  4.55000e+002 -1.12860e+001  1.00833e+002
           456  4.56000e+002 -1.12904e+001  1.01000e+002
           457  4.57000e+002 -1.12947e+001  1.01167e+002
           458  4.58000e+002 -1.12990e+001  1.01333e+002
           459  4.59000e+002 -1.13030e+001  1.01500e+002
           460  4.60000e+002 -1.13069e+001  1.01667e+002
           461  4.61000e+002 -1.13109e+001  1.01833e+002
           462  4.62000e+002 -1.13148e+001  1.02000e+002
           463  4.63000e+002 -1.13186e+001  1.02167e+002
           464  4.64000e+002 -1.13221e+001  1.02333e+002
           465  4.65000e+002 -1.13257e+001  1.02500e+002
           466  4.66000e+002 -1.13291e+001  1.02667e+002
           467  4.67000e+002 -1.13326e+001  1.02833e+002
           468  4.68000e+002 -1.13356e+001  1.03000e+002
           469  4.69000e+002 -1.13387e+001  1.03167e+002
           470  4.70000e+002 -1.13419e+001  1.03333e+002
           471  4.71000e+002 -1.13450e+001  1.03500e+002
           472  4.72000e+002 -1.13478e+001  1.03667e+002
           473  4.73000e+002 -1.13507e+001  1.03833e+002
           474  4.74000e+002 -1.13535e+001  1.04000e+002
           475  4.75000e+002 -1.13563e+001  1.04167e+002
           476  4.76000e+002 -1.13589e+001  1.04333e+002
           477  4.77000e+002 -1.13615e+001  1.04500e+002
           478  4.78000e+002 -1.13641e+001  1.04667e+002
           479  4.79000e+002 -1.13666e+001  1.04833e+002
           480  4.80000e+002 -1.13690e+001  1.05000e+002
           481  4.81000e+002 -1.13713e+001  1.05167e+002
           482  4.82000e+002 -1.13735e+001  1.05333e+002
           483  4.83000e+002 -1.13756e+001  1.05500e+002
           484  4.84000e+002 -1.13774e+001  1.05667e+002
           485  4.85000e+002 -1.13794e+001  1.05833e+002
           486  4.86000e+002 -1.13814e+001  1.06000e+002
           487  4.87000e+002 -1.13835e+001  1.06167e+002
           488  4.88000e+002 -1.13853e+001  1.06333e+002
           489  4.89000e+002 -1.13873e+001  1.06500e+002
           490  4.90000e+002 -1.13892e+001  1.06667e+002
           491  4.91000e+002 -1.13911e+001  1.06833e+002
           492  4.92000e+002 -1.13928e+001  1.07000e+002
           493  4.93000e+002 -1.13946e+001  1.07167e+002
           494  4.94000e+002 -1.13962e+001  1.07333e+002
           495  4.95000e+002 -1.13977e+001  1.07500e+002
           496  4.96000e+002 -1.13988e+001  1.07667e+002
           497  4.97000e+002 -1.14001e+001  1.07833e+002
           498  4.98000e+002 -1.14013e+001  1.08000e+002
           499  4.99000e+002 -1.14025e+001  1.08167e+002
           500  5.00000e+002 -1.14034e+001  1.08333e+002
           501  5.01000e+002 -1.14043e+001  1.08500e+002
           502  5.02000e+002 -1.14052e+001  1.08667e+002
           503  5.03000e+002 -1.14060e+001  1.08833e+002
           504  5.04000e+002 -1.14066e+001  1.09000e+002
           505  5.05000e+002 -1.14073e+001  1.09167e+002
           506  5.06000e+002 -1.14079e+001  1.09333e+002
           507  5.07000e+002 -1.14085e+001  1.09500e+002
           508  5.08000e+002 -1.14090e+001  1.09667e+002
           509  5.09000e+002 -1.14096e+001  1.09833e+002
           510  5.10000e+002 -1.14100e+001  1.10000e+002
           511  5.11000e+002 -1.14104e+001  1.10167e+002
           512  5.12000e+002 -1.14106e+001  1.10333e+002
           513  5.13000e+002 -1.14108e+001  1.10500e+002
           514  5.14000e+002 -1.14110e+001  1.10667e+002
           515  5.15000e+002 -1.14110e+001  1.10833e+002
           516  5.16000e+002 -1.14108e+001  1.11000e+002
           517  5.17000e+002 -1.14107e+001  1.11167e+002
           518  5.18000e+002 -1.14106e+001  1.11333e+002
           519  5.19000e+002 -1.14105e+001  1.11500e+002
           520  5.20000e+002 -1.14103e+001  1.11667e+002
           521  5.21000e+002 -1.14100e+001  1.11833e+002
           522  5.22000e+002 -1.14098e+001  1.12000e+002
           523  5.23000e+002 -1.14095e+001  1.12167e+002
           524  5.24000e+002 -1.14090e+001  1.12333e+002
           525  5.25000e+002 -1.14085e+001  1.12500e+002
           526  5.26000e+002 -1.14079e+001  1.12667e+002
           527  5.27000e+002 -1.14074e+001  1.12833e+002
           528  5.28000e+002 -1.14065e+001  1.13000e+002
           529  5.29000e+002 -1.14057e+001  1.13167e+002
           530  5.30000e+002 -1.14047e+001  1.13333e+002
           531  5.31000e+002 -1.14037e+001  1.13500e+002
           532  5.32000e+002 -1.14026e+001  1.13667e+002
           533  5.33000e+002 -1.14016e+001  1.13833e+002
           534  5.34000e+002 -1.14005e+001  1.14000e+002
           535  5.35000e+002 -1.13993e+001  1.14167e+002
           536  5.36000e+002 -1.13981e+001  1.14333e+002
           537  5.37000e+002 -1.13967e+001  1.14500e+002
           538  5.38000e+002 -1.13953e+001  1.14667e+002
           539  5.39000e+002 -1.13938e+001  1.14833e+002
           540  5.40000e+002 -1.13920e+001  1.15000e+002
           541  5.41000e+002 -1.13905e+001  1.15167e+002
           542  5.42000e+002 -1.13889e+001  1.15333e+002
           543  5.43000e+002 -1.13872e+001  1.15500e+002
           544  5.44000e+002 -1.13853e+001  1.15667e+002
           545  5.45000e+002 -1.13833e+001  1.15833e+002
           546  5.46000e+002 -1.13814e+001  1.16000e+002
           547  5.47000e+002 -1.13795e+001  1.16167e+002
           548  5.48000e+002 -1.13773e+001  1.16333e+002
           549  5.49000e+002 -1.13753e+001  1.16500e+002
           550  5.50000e+002 -1.13733e+001  1.16667e+002
           551  5.51000e+002 -1.13713e+001  1.16833e+002
           552  5.52000e+002 -1.13694e+001  1.17000e+002
           553  5.53000e+002 -1.13675e+001  1.17167e+002
           554  5.54000e+002 -1.13656e+001  1.17333e+002
           555  5.55000e+002 -1.13636e+001  1.17500e+002
           556  5.56000e+002 -1.13616e+001  1.17667e+002
           557  5.57000e+002 -1.13597e+001  1.17833e+002
           558  5.58000e+002 -1.13576e+001  1.18000e+002
           559  5.59000e+002 -1.13556e+001  1.18167e+002
           560  5.60000e+002 -1.13536e+001  1.18333e+002
           561  5.61000e+002 -1.13517e+001  1.18500e+002
           562  5.62000e+002 -1.13496e+001  1.18667e+002
           563  5.63000e+002 -1.13475e+001  1.18833e+002
           564  5.64000e+002 -1.13454e+001  1.19000e+002
           565  5.65000e+002 -1.13431e+001  1.19167e+002
           566  5.66000e+002 -1.13409e+001  1.19333e+002
           567  5.67000e+002 -1.13386e+001  1.19500e+002
           568  5.68000e+002 -1.13362e+001  1.19667e+002
           569  5.69000e+002 -1.13338e+001  1.19833e+002
           570  5.70000e+002 -1.13314e+001  1.20000e+002
           571  5.71000e+002 -1.13290e+001  1.20167e+002
           572  5.72000e+002 -1.13266e+001  1.20333e+002
           573  5.73000e+002 -1.13241e+001  1.20500e+002
           574  5.74000e+002 -1.13217e+001  1.20667e+002
           575  5.75000e+002 -1.13192e+001  1.20833e+002
           576  5.76000e+002 -1.13167e+001  1.21000e+002
           577  5.77000e+002 -1.13142e+001  1.21167e+002
           578  5.78000e+002 -1.13117e+001  1.21333e+002
           579  5.79000e+002 -1.13091e+001  1.21500e+002
           580  5.80000e+002 -1.13064e+001  1.21667e+002
           581  5.81000e+002 -1.13037e+001  1.21833e+002
           582  5.82000e+002 -1.13008e+001  1.22000e+002
           583  5.83000e+002 -1.12981e+001  1.22167e+002
           584  5.84000e+002 -1.12950e+001  1.22333e+002
           585  5.85000e+002 -1.12920e+001  1.22500e+002
           586  5.86000e+002 -1.12891e+001  1.22667e+002
           587  5.87000e+002 -1.12861e+001  1.22833e+002
           588  5.88000e+002 -1.12833e+001  1.23000e+002
           589  5.89000e+002 -1.12805e+001  1.23167e+002
           590  5.90000e+002 -1.12776e+001  1.23333e+002
           591  5.91000e+002 -1.12747e+001  1.23500e+002
           592  5.92000e+002 -1.12719e+001  1.23667e+002
           593  5.93000e+002 -1.12690e+001  1.23833e+002
           594  5.94000e+002 -1.12660e+001  1.24000e+002
           595  5.95000e+002 -1.12630e+001  1.24167e+002
           596  5.96000e+002 -1.12597e+001  1.24333e+002
           597  5.97000e+002 -1.12565e+001  1.24500e+002
           598  5.98000e+002 -1.12532e+001  1.24667e+002
           599  5.99000e+002 -1.12500e+001  1.24833e+002
           600  6.00000e+002 -1.12466e+001  1.25000e+002
           601  6.01000e+002 -1.12433e+001  1.25167e+002
           602  6.02000e+002 -1.12400e+001  1.25333e+002
           603  6.03000e+002 -1.12367e+001  1.25500e+002
           604  6.04000e+002 -1.12333e+001  1.25667e+002
           605  6.05000e+002 -1.12300e+001  1.25833e+002
           606  6.06000e+002 -1.12267e+001  1.26000e+002
           607  6.07000e+002 -1.12234e+001  1.26167e+002
           608  6.08000e+002 -1.12201e+001  1.26333e+002
           609  6.09000e+002 -1.12167e+001  1.26500e+002
           610  6.10000e+002 -1.12134e+001  1.26667e+002
           611  6.11000e+002 -1.12101e+001  1.26833e+002
           612  6.12000e+002 -1.12068e+001  1.27000e+002
           613  6.13000e+002 -1.12035e+001  1.27167e+002
           614  6.14000e+002 -1.12003e+001  1.27333e+002
           615  6.15000e+002 -1.11970e+001  1.27500e+002
           616  6.16000e+002 -1.11939e+001  1.27667e+002
           617  6.17000e+002 -1.11908e+001  1.27833e+002
           618  6.18000e+002 -1.11878e+001  1.28000e+002
           619  6.19000e+002 -1.11847e+001  1.28167e+002
           620  6.20000e+002 -1.11819e+001  1.28333e+002
           621  6.21000e+002 -1.11790e+001  1.28500e+002
           622  6.22000e+002 -1.11762e+001  1.28667e+002
           623  6.23000e+002 -1.11734e+001  1.28833e+002
           624  6.24000e+002 -1.11706e+001  1.29000e+002
           625  6.25000e+002 -1.11678e+001  1.29167e+002
           626  6.26000e+002 -1.11649e+001  1.29333e+002
           627  6.27000e+002 -1.11620e+001  1.29500e+002
           628  6.28000e+002 -1.11590e+001  1.29667e+002
           629  6.29000e+002 -1.11561e+001  1.29833e+002
           630  6.30000e+002 -1.11532e+001  1.30000e+002
           631  6.31000e+002 -1.11504e+001  1.30167e+002
           632  6.32000e+002 -1.11476e+001  1.30333e+002
           633  6.33000e+002 -1.11449e+001  1.30500e+002
           634  6.34000e+002 -1.11422e+001  1.30667e+002
           635  6.35000e+002 -1.11395e+001  1.30833e+002
           636  6.36000e+002 -1.11369e+001  1.31000e+002
           637  6.37000e+002 -1.11343e+001  1.31167e+002
           638  6.38000e+002 -1.11317e+001  1.31333e+002
           639  6.39000e+002 -1.11290e+001  1.31500e+002
           640  6.40000e+002 -1.11263e+001  1.31667e+002
           641  6.41000e+002 -1.11236e+001  1.31833e+002
           642  6.42000e+002 -1.11210e+001  1.32000e+002
           643  6.43000e+002 -1.11185e+001  1.32167e+002
           644  6.44000e+002 -1.11159e+001  1.32333e+002
           645  6.45000e+002 -1.11133e+001  1.32500e+002
           646  6.46000e+002 -1.11107e+001  1.32667e+002
           647  6.47000e+002 -1.11081e+001  1.32833e+002
           648  6.48000e+002 -1.11056e+001  1.33000e+002
           649  6.49000e+002 -1.11031e+001  1.33167e+002
           650  6.50000e+002 -1.11006e+001  1.33333e+002
           651  6.51000e+002 -1.10983e+001  1.33500e+002
           652  6.52000e+002 -1.10961e+001  1.33667e+002
           653  6.53000e+002 -1.10939e+001  1.33833e+002
           654  6.54000e+002 -1.10917e+001  1.34000e+002
           655  6.55000e+002 -1.10895e+001  1.34167e+002
           656  6.56000e+002 -1.10873e+001  1.34333e+002
           657  6.57000e+002 -1.10850e+001  1.34500e+002
           658  6.58000e+002 -1.10828e+001  1.34667e+002
           659  6.59000e+002 -1.10807e+001  1.34833e+002
           660  6.60000e+002 -1.10787e+001  1.35000e+002
           661  6.61000e+002 -1.10768e+001  1.35167e+002
           662  6.62000e+002 -1.10748e+001  1.35333e+002
           663  6.63000e+002 -1.10728e+001  1.35500e+002
           664  6.64000e+002 -1.10711e+001  1.35667e+002
           665  6.65000e+002 -1.10691e+001  1.35833e+002
           666  6.66000e+002 -1.10670e+001  1.36000e+002
           667  6.67000e+002 -1.10649e+001  1.36167e+002
           668  6.68000e+002 -1.10626e+001  1.36333e+002
           669  6.69000e+002 -1.10604e+001  1.36500e+002
           670  6.70000e+002 -1.10583e+001  1.36667e+002
           671  6.71000e+002 -1.10562e+001  1.36833e+002
           672  6.72000e+002 -1.10542e+001  1.37000e+002
           673  6.73000e+002 -1.10521e+001  1.37167e+002
           674  6.74000e+002 -1.10500e+001  1.37333e+002
           675  6.75000e+002 -1.10478e+001  1.37500e+002
           676  6.76000e+002 -1.10456e+001  1.37667e+002
           677  6.77000e+002 -1.10434e+001  1.37833e+002
           678  6.78000e+002 -1.10412e+001  1.38000e+002
           679  6.79000e+002 -1.10389e+001  1.38167e+002
           680  6.80000e+002 -1.10367e+001  1.38333e+002
           681  6.81000e+002 -1.10346e+001  1.38500e+002
           682  6.82000e+002 -1.10326e+001  1.38667e+002
           683  6.83000e+002 -1.10306e+001  1.38833e+002
           684  6.84000e+002 -1.10289e+001  1.39000e+002
           685  6.85000e+002 -1.10271e+001  1.39167e+002
           686  6.86000e+002 -1.10253e+001  1.39333e+002
           687  6.87000e+002 -1.10236e+001  1.39500e+002
           688  6.88000e+002 -1.10219e+001  1.39667e+002
           689  6.89000e+002 -1.10201e+001  1.39833e+002
           690  6.90000e+002 -1.10182e+001  1.40000e+002
           691  6.91000e+002 -1.10164e+001  1.40167e+002
           692  6.92000e+002 -1.10144e+001  1.40333e+002
           693  6.93000e+002 -1.10125e+001  1.40500e+002
           694  6.94000e+002 -1.10106e+001  1.40667e+002
           695  6.95000e+002 -1.10086e+001  1.40833e+002
           696  6.96000e+002 -1.10067e+001  1.41000e+002
           697  6.97000e+002 -1.10047e+001  1.41167e+002
           698  6.98000e+002 -1.10028e+001  1.41333e+002
           699  6.99000e+002 -1.10010e+001  1.41500e+002
           700  7.00000e+002 -1.09990e+001  1.41667e+002
           701  7.01000e+002 -1.09971e+001  1.41833e+002
           702  7.02000e+002 -1.09952e+001  1.42000e+002
           703  7.03000e+002 -1.09934e+001  1.42167e+002
           704  7.04000e+002 -1.09917e+001  1.42333e+002
           705  7.05000e+002 -1.09901e+001  1.42500e+002
           706  7.06000e+002 -1.09887e+001  1.42667e+002
           707  7.07000e+002 -1.09875e+001  1.42833e+002
           708  7.08000e+002 -1.09866e+001  1.43000e+002
           709  7.09000e+002 -1.09854e+001  1.43167e+002
           710  7.10000e+002 -1.09841e+001  1.43333e+002
           711  7.11000e+002 -1.09827e+001  1.43500e+002
           712  7.12000e+002 -1.09813e+001  1.43667e+002
           713  7.13000e+002 -1.09799e+001  1.43833e+002
           714  7.14000e+002 -1.09783e+001  1.44000e+002
           715  7.15000e+002 -1.09762e+001  1.44167e+002
           716  7.16000e+002 -1.09758e+001  1.44333e+002
           717  7.17000e+002 -1.09776e+001  1.44500e+002
           718  7.18000e+002 -1.09792e+001  1.44667e+002
           719  7.19000e+002 -1.09806e+001  1.44833e+002
           720  7.20000e+002 -1.09805e+001  1.45000e+002
           721  7.21000e+002 -1.09802e+001  1.45167e+002
           722  7.22000e+002 -1.09797e+001  1.45333e+002
           723  7.23000e+002 -1.09793e+001  1.45500e+002
           724  7.24000e+002 -1.09783e+001  1.45667e+002
           725  7.25000e+002 -1.09773e+001  1.45833e+002
           726  7.26000e+002 -1.09765e+001  1.46000e+002
           727  7.27000e+002 -1.09756e+001  1.46167e+002
           728  7.28000e+002 -1.09745e+001  1.46333e+002
           729  7.29000e+002 -1.09735e+001  1.46500e+002
           730  7.30000e+002 -1.09726e+001  1.46667e+002
           731  7.31000e+002 -1.09717e+001  1.46833e+002
           732  7.32000e+002 -1.09710e+001  1.47000e+002
           733  7.33000e+002 -1.09703e+001  1.47167e+002
           734  7.34000e+002 -1.09697e+001  1.47333e+002
           735  7.35000e+002 -1.09690e+001  1.47500e+002
           736  7.36000e+002 -1.09683e+001  1.47667e+002
           737  7.37000e+002 -1.09676e+001  1.47833e+002
           738  7.38000e+002 -1.09670e+001  1.48000e+002
           739  7.39000e+002 -1.09663e+001  1.48167e+002
           740  7.40000e+002 -1.09655e+001  1.48333e+002
           741  7.41000e+002 -1.09647e+001  1.48500e+002
           742  7.42000e+002 -1.09641e+001  1.48667e+002
           743  7.43000e+002 -1.09634e+001  1.48833e+002
           744  7.44000e+002 -1.09629e+001  1.49000e+002
           745  7.45000e+002 -1.09623e+001  1.49167e+002
           746  7.46000e+002 -1.09617e+001  1.49333e+002
           747  7.47000e+002 -1.09612e+001  1.49500e+002
           748  7.48000e+002 -1.09607e+001  1.49667e+002
           749  7.49000e+002 -1.09603e+001  1.49833e+002
           750  7.50000e+002 -1.09600e+001  1.50000e+002
           751  7.51000e+002 -1.09598e+001  1.50167e+002
           752  7.52000e+002 -1.09597e+001  1.50333e+002
           753  7.53000e+002 -1.09596e+001  1.50500e+002
           754  7.54000e+002 -1.09596e+001  1.50667e+002
           755  7.55000e+002 -1.09595e+001  1.50833e+002
           756  7.56000e+002 -1.09596e+001  1.51000e+002
           757  7.57000e+002 -1.09596e+001  1.51167e+002
           758  7.58000e+002 -1.09595e+001  1.51333e+002
           759  7.59000e+002 -1.09594e+001  1.51500e+002
           760  7.60000e+002 -1.09593e+001  1.51667e+002
           761  7.61000e+002 -1.09594e+001  1.51833e+002
           762  7.62000e+002 -1.09595e+001  1.52000e+002
           763  7.63000e+002 -1.09596e+001  1.52167e+002
           764  7.64000e+002 -1.09599e+001  1.52333e+002
           765  7.65000e+002 -1.09601e+001  1.52500e+002
           766  7.66000e+002 -1.09602e+001  1.52667e+002
           767  7.67000e+002 -1.09604e+001  1.52833e+002
           768  7.68000e+002 -1.09605e+001  1.53000e+002
           769  7.69000e+002 -1.09608e+001  1.53167e+002
           770  7.70000e+002 -1.09612e+001  1.53333e+002
           771  7.71000e+002 -1.09616e+001  1.53500e+002
           772  7.72000e+002 -1.09621e+001  1.53667e+002
           773  7.73000e+002 -1.09625e+001  1.53833e+002
           774  7.74000e+002 -1.09629e+001  1.54000e+002
           775  7.75000e+002 -1.09633e+001  1.54167e+002
           776  7.76000e+002 -1.09636e+001  1.54333e+002
           777  7.77000e+002 -1.09640e+001  1.54500e+002
           778  7.78000e+002 -1.09642e+001  1.54667e+002
           779  7.79000e+002 -1.09642e+001  1.54833e+002
           780  7.80000e+002 -1.09643e+001  1.55000e+002
           781  7.81000e+002 -1.09643e+001  1.55167e+002
           782  7.82000e+002 -1.09639e+001  1.55333e+002
           783  7.83000e+002 -1.09627e+001  1.55500e+002
           784  7.84000e+002 -1.09658e+001  1.55667e+002
           785  7.85000e+002 -1.09680e+001  1.55833e+002
           786  7.86000e+002 -1.09700e+001  1.56000e+002
           787  7.87000e+002 -1.09717e+001  1.56167e+002
           788  7.88000e+002 -1.09735e+001  1.56333e+002
           789  7.89000e+002 -1.09753e+001  1.56500e+002
           790  7.90000e+002 -1.09770e+001  1.56667e+002
           791  7.91000e+002 -1.09786e+001  1.56833e+002
           792  7.92000e+002 -1.09799e+001  1.57000e+002
           793  7.93000e+002 -1.09813e+001  1.57167e+002
           794  7.94000e+002 -1.09826e+001  1.57333e+002
           795  7.95000e+002 -1.09838e+001  1.57500e+002
           796  7.96000e+002 -1.09849e+001  1.57667e+002
           797  7.97000e+002 -1.09861e+001  1.57833e+002
           798  7.98000e+002 -1.09873e+001  1.58000e+002
           799  7.99000e+002 -1.09886e+001  1.58167e+002
           800  8.00000e+002 -1.09899e+001  1.58333e+002
           801  8.01000e+002 -1.09914e+001  1.58500e+002
           802  8.02000e+002 -1.09930e+001  1.58667e+002
           803  8.03000e+002 -1.09946e+001  1.58833e+002
           804  8.04000e+002 -1.09964e+001  1.59000e+002
           805  8.05000e+002 -1.09982e+001  1.59167e+002
           806  8.06000e+002 -1.10000e+001  1.59333e+002
           807  8.07000e+002 -1.10017e+001  1.59500e+002
           808  8.08000e+002 -1.10035e+001  1.59667e+002
           809  8.09000e+002 -1.10054e+001  1.59833e+002
           810  8.10000e+002 -1.10073e+001  1.60000e+002
           811  8.11000e+002 -1.10092e+001  1.60167e+002
           812  8.12000e+002 -1.10112e+001  1.60333e+002
           813  8.13000e+002 -1.10131e+001  1.60500e+002
           814  8.14000e+002 -1.10150e+001  1.60667e+002
           815  8.15000e+002 -1.10169e+001  1.60833e+002
           816  8.16000e+002 -1.10188e+001  1.61000e+002
           817  8.17000e+002 -1.10208e+001  1.61167e+002
           818  8.18000e+002 -1.10227e+001  1.61333e+002
           819  8.19000e+002 -1.10247e+001  1.61500e+002
           820  8.20000e+002 -1.10266e+001  1.61667e+002
           821  8.21000e+002 -1.10287e+001  1.61833e+002
           822  8.22000e+002 -1.10309e+001  1.62000e+002
           823  8.23000e+002 -1.10331e+001  1.62167e+002
           824  8.24000e+002 -1.10353e+001  1.62333e+002
           825  8.25000e+002 -1.10375e+001  1.62500e+002
           826  8.26000e+002 -1.10397e+001  1.62667e+002
           827  8.27000e+002 -1.10420e+001  1.62833e+002
           828  8.28000e+002 -1.10442e+001  1.63000e+002
           829  8.29000e+002 -1.10463e+001  1.63167e+002
           830  8.30000e+002 -1.10485e+001  1.63333e+002
           831  8.31000e+002 -1.10507e+001  1.63500e+002
           832  8.32000e+002 -1.10530e+001  1.63667e+002
           833  8.33000e+002 -1.10553e+001  1.63833e+002
           834  8.34000e+002 -1.10578e+001  1.64000e+002
           835  8.35000e+002 -1.10602e+001  1.64167e+002
           836  8.36000e+002 -1.10629e+001  1.64333e+002
           837  8.37000e+002 -1.10655e+001  1.64500e+002
           838  8.38000e+002 -1.10681e+001  1.64667e+002
           839  8.39000e+002 -1.10707e+001  1.64833e+002
           840  8.40000e+002 -1.10734e+001  1.65000e+002
           841  8.41000e+002 -1.10761e+001  1.65167e+002
           842  8.42000e+002 -1.10786e+001  1.65333e+002
           843  8.43000e+002 -1.10812e+001  1.65500e+002
           844  8.44000e+002 -1.10836e+001  1.65667e+002
           845  8.45000e+002 -1.10860e+001  1.65833e+002
           846  8.46000e+002 -1.10883e+001  1.66000e+002
           847  8.47000e+002 -1.10906e+001  1.66167e+002
           848  8.48000e+002 -1.10929e+001  1.66333e+002
           849  8.49000e+002 -1.10953e+001  1.66500e+002
           850  8.50000e+002 -1.10977e+001  1.66667e+002
           851  8.51000e+002 -1.11003e+001  1.66833e+002
           852  8.52000e+002 -1.11030e+001  1.67000e+002
           853  8.53000e+002 -1.11058e+001  1.67167e+002
           854  8.54000e+002 -1.11085e+001  1.67333e+002
           855  8.55000e+002 -1.11112e+001  1.67500e+002
           856  8.56000e+002 -1.11140e+001  1.67667e+002
           857  8.57000e+002 -1.11168e+001  1.67833e+002
           858  8.58000e+002 -1.11195e+001  1.68000e+002
           859  8.59000e+002 -1.11223e+001  1.68167e+002
           860  8.60000e+002 -1.11246e+001  1.68333e+002
           861  8.61000e+002 -1.11273e+001  1.68500e+002
           862  8.62000e+002 -1.11300e+001  1.68667e+002
           863  8.63000e+002 -1.11320e+001  1.68833e+002
           864  8.64000e+002 -1.11330e+001  1.69000e+002
           865  8.65000e+002 -1.11347e+001  1.69167e+002
           866  8.66000e+002 -1.11378e+001  1.69333e+002
           867  8.67000e+002 -1.11412e+001  1.69500e+002
           868  8.68000e+002 -1.11449e+001  1.69667e+002
           869  8.69000e+002 -1.11484e+001  1.69833e+002
           870  8.70000e+002 -1.11520e+001  1.70000e+002
           871  8.71000e+002 -1.11556e+001  1.70167e+002
           872  8.72000e+002 -1.11592e+001  1.70333e+002
           873  8.73000e+002 -1.11626e+001  1.70500e+002
           874  8.74000e+002 -1.11659e+001  1.70667e+002
           875  8.75000e+002 -1.11693e+001  1.70833e+002
           876  8.76000e+002 -1.11725e+001  1.71000e+002
           877  8.77000e+002 -1.11759e+001  1.71167e+002
           878  8.78000e+002 -1.11793e+001  1.71333e+002
           879  8.79000e+002 -1.11827e+001  1.71500e+002
           880  8.80000e+002 -1.11862e+001  1.71667e+002
           881  8.81000e+002 -1.11897e+001  1.71833e+002
           882  8.82000e+002 -1.11932e+001  1.72000e+002
           883  8.83000e+002 -1.11967e+001  1.72167e+002
           884  8.84000e+002 -1.12001e+001  1.72333e+002
           885  8.85000e+002 -1.12036e+001  1.72500e+002
           886  8.86000e+002 -1.12073e+001  1.72667e+002
           887  8.87000e+002 -1.12109e+001  1.72833e+002
           888  8.88000e+002 -1.12148e+001  1.73000e+002
           889  8.89000e+002 -1.12186e+001  1.73167e+002
           890  8.90000e+002 -1.12225e+001  1.73333e+002
           891  8.91000e+002 -1.12264e+001  1.73500e+002
           892  8.92000e+002 -1.12305e+001  1.73667e+002
           893  8.93000e+002 -1.12344e+001  1.73833e+002
           894  8.94000e+002 -1.12382e+001  1.74000e+002
           895  8.95000e+002 -1.12420e+001  1.74167e+002
           896  8.96000e+002 -1.12456e+001  1.74333e+002
           897  8.97000e+002 -1.12490e+001  1.74500e+002
           898  8.98000e+002 -1.12524e+001  1.74667e+002
           899  8.99000e+002 -1.12556e+001  1.74833e+002
           900  9.00000e+002 -1.12586e+001  1.75000e+002
           901  9.01000e+002 -1.12613e+001  1.75167e+002
           902  9.02000e+002 -1.12646e+001  1.75333e+002
           903  9.03000e+002 -1.12687e+001  1.75500e+002
           904  9.04000e+002 -1.12733e+001  1.75667e+002
           905  9.05000e+002 -1.12774e+001  1.75833e+002
           906  9.06000e+002 -1.12815e+001  1.76000e+002
           907  9.07000e+002 -1.12855e+001  1.76167e+002
           908  9.08000e+002 -1.12895e+001  1.76333e+002
           909  9.09000e+002 -1.12934e+001  1.76500e+002
           910  9.10000e+002 -1.12973e+001  1.76667e+002
           911  9.11000e+002 -1.13013e+001  1.76833e+002
           912  9.12000e+002 -1.13052e+001  1.77000e+002
           913  9.13000e+002 -1.13092e+001  1.77167e+002
           914  9.14000e+002 -1.13131e+001  1.77333e+002
           915  9.15000e+002 -1.13170e+001  1.77500e+002
           916  9.16000e+002 -1.13211e+001  1.77667e+002
           917  9.17000e+002 -1.13251e+001  1.77833e+002
           918  9.18000e+002 -1.13290e+001  1.78000e+002
           919  9.19000e+002 -1.13329e+001  1.78167e+002
           920  9.20000e+002 -1.13368e+001  1.78333e+002
           921  9.21000e+002 -1.13407e+001  1.78500e+002
           922  9.22000e+002 -1.13446e+001  1.78667e+002
           923  9.23000e+002 -1.13485e+001  1.78833e+002
           924  9.24000e+002 -1.13526e+001  1.79000e+002
           925  9.25000e+002 -1.13567e+001  1.79167e+002
           926  9.26000e+002 -1.13607e+001  1.79333e+002
           927  9.27000e+002 -1.13647e+001  1.79500e+002
           928  9.28000e+002 -1.13688e+001  1.79667e+002
           929  9.29000e+002 -1.13728e+001  1.79833e+002
           930  9.30000e+002 -1.13768e+001  1.80000e+002
           931  9.31000e+002 -1.13809e+001  1.80167e+002
           932  9.32000e+002 -1.13849e+001  1.80333e+002
           933  9.33000e+002 -1.13890e+001  1.80500e+002
           934  9.34000e+002 -1.13931e+001  1.80667e+002
           935  9.35000e+002 -1.13973e+001  1.80833e+002
           936  9.36000e+002 -1.14016e+001  1.81000e+002
           937  9.37000e+002 -1.14057e+001  1.81167e+002
           938  9.38000e+002 -1.14099e+001  1.81333e+002
           939  9.39000e+002 -1.14140e+001  1.81500e+002
           940  9.40000e+002 -1.14179e+001  1.81667e+002
           941  9.41000e+002 -1.14219e+001  1.81833e+002
           942  9.42000e+002 -1.14258e+001  1.82000e+002
           943  9.43000e+002 -1.14296e+001  1.82167e+002
           944  9.44000e+002 -1.14334e+001  1.82333e+002
           945  9.45000e+002 -1.14373e+001  1.82500e+002
           946  9.46000e+002 -1.14411e+001  1.82667e+002
           947  9.47000e+002 -1.14450e+001  1.82833e+002
           948  9.48000e+002 -1.14489e+001  1.83000e+002
           949  9.49000e+002 -1.14524e+001  1.83167e+002
           950  9.50000e+002 -1.14547e+001  1.83333e+002
           951  9.51000e+002 -1.14560e+001  1.83500e+002
           952  9.52000e+002 -1.14605e+001  1.83667e+002
           953  9.53000e+002 -1.14649e+001  1.83833e+002
           954  9.54000e+002 -1.14688e+001  1.84000e+002
           955  9.55000e+002 -1.14726e+001  1.84167e+002
           956  9.56000e+002 -1.14767e+001  1.84333e+002
           957  9.57000e+002 -1.14809e+001  1.84500e+002
           958  9.58000e+002 -1.14851e+001  1.84667e+002
           959  9.59000e+002 -1.14893e+001  1.84833e+002
           960  9.60000e+002 -1.14937e+001  1.85000e+002
           961  9.61000e+002 -1.14980e+001  1.85167e+002
           962  9.62000e+002 -1.15022e+001  1.85333e+002
           963  9.63000e+002 -1.15063e+001  1.85500e+002
           964  9.64000e+002 -1.15104e+001  1.85667e+002
           965  9.65000e+002 -1.15145e+001  1.85833e+002
           966  9.66000e+002 -1.15186e+001  1.86000e+002
           967  9.67000e+002 -1.15227e+001  1.86167e+002
           968  9.68000e+002 -1.15267e+001  1.86333e+002
           969  9.69000e+002 -1.15308e+001  1.86500e+002
           970  9.70000e+002 -1.15347e+001  1.86667e+002
           971  9.71000e+002 -1.15387e+001  1.86833e+002
           972  9.72000e+002 -1.15427e+001  1.87000e+002
           973  9.73000e+002 -1.15463e+001  1.87167e+002
           974  9.74000e+002 -1.15486e+001  1.87333e+002
           975  9.75000e+002 -1.15501e+001  1.87500e+002
           976  9.76000e+002 -1.15559e+001  1.87667e+002
           977  9.77000e+002 -1.15604e+001  1.87833e+002
           978  9.78000e+002 -1.15649e+001  1.88000e+002
           979  9.79000e+002 -1.15693e+001  1.88167e+002
           980  9.80000e+002 -1.15739e+001  1.88333e+002
           981  9.81000e+002 -1.15785e+001  1.88500e+002
           982  9.82000e+002 -1.15829e+001  1.88667e+002
           983  9.83000e+002 -1.15873e+001  1.88833e+002
           984  9.84000e+002 -1.15916e+001  1.89000e+002
           985  9.85000e+002 -1.15960e+001  1.89167e+002
           986  9.86000e+002 -1.16005e+001  1.89333e+002
           987  9.87000e+002 -1.16049e+001  1.89500e+002
           988  9.88000e+002 -1.16094e+001  1.89667e+002
           989  9.89000e+002 -1.16139e+001  1.89833e+002
           990  9.90000e+002 -1.16184e+001  1.90000e+002
           991  9.91000e+002 -1.16230e+001  1.90167e+002
           992  9.92000e+002 -1.16276e+001  1.90333e+002
           993  9.93000e+002 -1.16322e+001  1.90500e+002
           994  9.94000e+002 -1.16368e+001  1.90667e+002
           995  9.95000e+002 -1.16414e+001  1.90833e+002
           996  9.96000e+002 -1.16457e+001  1.91000e+002
           997  9.97000e+002 -1.16501e+001  1.91167e+002
           998  9.98000e+002 -1.16545e+001  1.91333e+002
           999  9.99000e+002 -1.16588e+001  1.91500e+002
          1000  1.00000e+003 -1.16631e+001  1.91667e+002
          1001  1.00100e+003 -1.16676e+001  1.91833e+002
          1002  1.00200e+003 -1.16721e+001  1.92000e+002
          1003  1.00300e+003 -1.16766e+001  1.92167e+002
          1004  1.00400e+003 -1.16814e+001  1.92333e+002
          1005  1.00500e+003 -1.16862e+001  1.92500e+002
          1006  1.00600e+003 -1.16910e+001  1.92667e+002
          1007  1.00700e+003 -1.16958e+001  1.92833e+002
          1008  1.00800e+003 -1.17007e+001  1.93000e+002
          1009  1.00900e+003 -1.17055e+001  1.93167e+002
          1010  1.01000e+003 -1.17103e+001  1.93333e+002
          1011  1.01100e+003 -1.17150e+001  1.93500e+002
          1012  1.01200e+003 -1.17198e+001  1.93667e+002
          1013  1.01300e+003 -1.17246e+001  1.93833e+002
          1014  1.01400e+003 -1.17293e+001  1.94000e+002
          1015  1.01500e+003 -1.17341e+001  1.94167e+002
          1016  1.01600e+003 -1.17388e+001  1.94333e+002
          1017  1.01700e+003 -1.17435e+001  1.94500e+002
          1018  1.01800e+003 -1.17482e+001  1.94667e+002
          1019  1.01900e+003 -1.17528e+001  1.94833e+002
          1020  1.02000e+003 -1.17575e+001  1.95000e+002
          1021  1.02100e+003 -1.17624e+001  1.95167e+002
          1022  1.02200e+003 -1.17673e+001  1.95333e+002
          1023  1.02300e+003 -1.17722e+001  1.95500e+002
          1024  1.02400e+003 -1.17772e+001  1.95667e+002
          1025  1.02500e+003 -1.17821e+001  1.95833e+002
          1026  1.02600e+003 -1.17870e+001  1.96000e+002
          1027  1.02700e+003 -1.17918e+001  1.96167e+002
          1028  1.02800e+003 -1.17967e+001  1.96333e+002
          1029  1.02900e+003 -1.18016e+001  1.96500e+002
          1030  1.03000e+003 -1.18066e+001  1.96667e+002
          1031  1.03100e+003 -1.18116e+001  1.96833e+002
          1032  1.03200e+003 -1.18169e+001  1.97000e+002
          1033  1.03300e+003 -1.18221e+001  1.97167e+002
          1034  1.03400e+003 -1.18272e+001  1.97333e+002
          1035  1.03500e+003 -1.18324e+001  1.97500e+002
          1036  1.03600e+003 -1.18377e+001  1.97667e+002
          1037  1.03700e+003 -1.18429e+001  1.97833e+002
          1038  1.03800e+003 -1.18480e+001  1.98000e+002
          1039  1.03900e+003 -1.18532e+001  1.98167e+002
          1040  1.04000e+003 -1.18583e+001  1.98333e+002
          1041  1.04100e+003 -1.18568e+001  1.98500e+002
          1042  1.04200e+003 -1.17306e+001  1.98667e+002
          1043  1.04300e+003 -1.13823e+001  1.98833e+002
          1044  1.04400e+003 -9.95912e+000  1.99000e+002
          1045  1.04500e+003 -8.29168e+000  1.99167e+002
          1046  1.04600e+003 -6.63166e+000  1.99333e+002
          1047  1.04700e+003 -5.07060e+000  1.99500e+002
          1048  1.04800e+003 -3.84759e+000  1.99667e+002
          1049  1.04900e+003 -2.78088e+000  1.99833e+002
&]1[ImI
