         Index             t            HF            Tr
#           [#]           [s]          [mW]          [°C]
             0  0.00000e+000 -1.30204e+000  2.50000e+001
             1  1.00000e+000 -1.67438e+000  2.51667e+001
             2  2.00000e+000 -1.95093e+000  2.53333e+001
             3  3.00000e+000 -2.12486e+000  2.55000e+001
             4  4.00000e+000 -2.15680e+000  2.56667e+001
             5  5.00000e+000 -2.17139e+000  2.58333e+001
             6  6.00000e+000 -2.17911e+000  2.60000e+001
             7  7.00000e+000 -2.18805e+000  2.61667e+001
             8  8.00000e+000 -2.20286e+000  2.63333e+001
             9  9.00000e+000 -2.21966e+000  2.65000e+001
            10  1.00000e+001 -2.24038e+000  2.66667e+001
            11  1.10000e+001 -2.26230e+000  2.68333e+001
            12  1.20000e+001 -2.28531e+000  2.70000e+001
            13  1.30000e+001 -2.30767e+000  2.71667e+001
            14  1.40000e+001 -2.33013e+000  2.73333e+001
            15  1.50000e+001 -2.35317e+000  2.75000e+001
            16  1.60000e+001 -2.37404e+000  2.76667e+001
            17  1.70000e+001 -2.39378e+000  2.78333e+001
            18  1.80000e+001 -2.41233e+000  2.80000e+001
            19  1.90000e+001 -2.43074e+000  2.81667e+001
            20  2.00000e+001 -2.44669e+000  2.83333e+001
            21  2.10000e+001 -2.46298e+000  2.85000e+001
            22  2.20000e+001 -2.47909e+000  2.86667e+001
            23  2.30000e+001 -2.49493e+000  2.88333e+001
            24  2.40000e+001 -2.51062e+000  2.90000e+001
            25  2.50000e+001 -2.52582e+000  2.91667e+001
            26  2.60000e+001 -2.53975e+000  2.93333e+001
            27  2.70000e+001 -2.55320e+000  2.95000e+001
            28  2.80000e+001 -2.56688e+000  2.96667e+001
            29  2.90000e+001 -2.58059e+000  2.98333e+001
            30  3.00000e+001 -2.59417e+000  3.00000e+001
            31  3.10000e+001 -2.60765e+000  3.01667e+001
            32  3.20000e+001 -2.62068e+000  3.03333e+001
            33  3.30000e+001 -2.63375e+000  3.05000e+001
            34  3.40000e+001 -2.64671e+000  3.06667e+001
            35  3.50000e+001 -2.65957e+000  3.08333e+001
            36  3.60000e+001 -2.67201e+000  3.10000e+001
            37  3.70000e+001 -2.68459e+000  3.11667e+001
            38  3.80000e+001 -2.69708e+000  3.13333e+001
            39  3.90000e+001 -2.70954e+000  3.15000e+001
            40  4.00000e+001 -2.72177e+000  3.16667e+001
            41  4.10000e+001 -2.73391e+000  3.18333e+001
            42  4.20000e+001 -2.74599e+000  3.20000e+001
            43  4.30000e+001 -2.75804e+000  3.21667e+001
            44  4.40000e+001 -2.76954e+000  3.23333e+001
            45  4.50000e+001 -2.78113e+000  3.25000e+001
            46  4.60000e+001 -2.79273e+000  3.26667e+001
            47  4.70000e+001 -2.80430e+000  3.28333e+001
            48  4.80000e+001 -2.81539e+000  3.30000e+001
            49  4.90000e+001 -2.82665e+000  3.31667e+001
            50  5.00000e+001 -2.83805e+000  3.33333e+001
            51  5.10000e+001 -2.84950e+000  3.35000e+001
            52  5.20000e+001 -2.86068e+000  3.36667e+001
            53  5.30000e+001 -2.87189e+000  3.38333e+001
            54  5.40000e+001 -2.88308e+000  3.40000e+001
            55  5.50000e+001 -2.89416e+000  3.41667e+001
            56  5.60000e+001 -2.90501e+000  3.43333e+001
            57  5.70000e+001 -2.91596e+000  3.45000e+001
            58  5.80000e+001 -2.92694e+000  3.46667e+001
            59  5.90000e+001 -2.93790e+000  3.48333e+001
            60  6.00000e+001 -2.94869e+000  3.50000e+001
            61  6.10000e+001 -2.95952e+000  3.51667e+001
            62  6.20000e+001 -2.97026e+000  3.53333e+001
            63  6.30000e+001 -2.98094e+000  3.55000e+001
            64  6.40000e+001 -2.99149e+000  3.56667e+001
            65  6.50000e+001 -3.00209e+000  3.58333e+001
            66  6.60000e+001 -3.01268e+000  3.60000e+001
            67  6.70000e+001 -3.02330e+000  3.61667e+001
            68  6.80000e+001 -3.03378e+000  3.63333e+001
            69  6.90000e+001 -3.04434e+000  3.65000e+001
            70  7.00000e+001 -3.05494e+000  3.66667e+001
            71  7.10000e+001 -3.06552e+000  3.68333e+001
            72  7.20000e+001 -3.07604e+000  3.70000e+001
            73  7.30000e+001 -3.08643e+000  3.71667e+001
            74  7.40000e+001 -3.09675e+000  3.73333e+001
            75  7.50000e+001 -3.10708e+000  3.75000e+001
            76  7.60000e+001 -3.11729e+000  3.76667e+001
            77  7.70000e+001 -3.12766e+000  3.78333e+001
            78  7.80000e+001 -3.13807e+000  3.80000e+001
            79  7.90000e+001 -3.14846e+000  3.81667e+001
            80  8.00000e+001 -3.15894e+000  3.83333e+001
            81  8.10000e+001 -3.16934e+000  3.85000e+001
            82  8.20000e+001 -3.17967e+000  3.86667e+001
            83  8.30000e+001 -3.19001e+000  3.88333e+001
            84  8.40000e+001 -3.20017e+000  3.90000e+001
            85  8.50000e+001 -3.21045e+000  3.91667e+001
            86  8.60000e+001 -3.22075e+000  3.93333e+001
            87  8.70000e+001 -3.23102e+000  3.95000e+001
            88  8.80000e+001 -3.24137e+000  3.96667e+001
            89  8.90000e+001 -3.25173e+000  3.98333e+001
            90  9.00000e+001 -3.26213e+000  4.00000e+001
            91  9.10000e+001 -3.27251e+000  4.01667e+001
            92  9.20000e+001 -3.28301e+000  4.03333e+001
            93  9.30000e+001 -3.29352e+000  4.05000e+001
            94  9.40000e+001 -3.30409e+000  4.06667e+001
            95  9.50000e+001 -3.31470e+000  4.08333e+001
            96  9.60000e+001 -3.32555e+000  4.10000e+001
            97  9.70000e+001 -3.33649e+000  4.11667e+001
            98  9.80000e+001 -3.34758e+000  4.13333e+001
            99  9.90000e+001 -3.35873e+000  4.15000e+001
           100  1.00000e+002 -3.37041e+000  4.16667e+001
           101  1.01000e+002 -3.38204e+000  4.18333e+001
           102  1.02000e+002 -3.39382e+000  4.20000e+001
           103  1.03000e+002 -3.40580e+000  4.21667e+001
           104  1.04000e+002 -3.41800e+000  4.23333e+001
           105  1.05000e+002 -3.43041e+000  4.25000e+001
           106  1.06000e+002 -3.44351e+000  4.26667e+001
           107  1.07000e+002 -3.45673e+000  4.28333e+001
           108  1.08000e+002 -3.47087e+000  4.30000e+001
           109  1.09000e+002 -3.48466e+000  4.31667e+001
           110  1.10000e+002 -3.49855e+000  4.33333e+001
           111  1.11000e+002 -3.51240e+000  4.35000e+001
           112  1.12000e+002 -3.52651e+000  4.36667e+001
           113  1.13000e+002 -3.54109e+000  4.38333e+001
           114  1.14000e+002 -3.55687e+000  4.40000e+001
           115  1.15000e+002 -3.57298e+000  4.41667e+001
           116  1.16000e+002 -3.58973e+000  4.43333e+001
           117  1.17000e+002 -3.60612e+000  4.45000e+001
           118  1.18000e+002 -3.62265e+000  4.46667e+001
           119  1.19000e+002 -3.63934e+000  4.48333e+001
           120  1.20000e+002 -3.65658e+000  4.50000e+001
           121  1.21000e+002 -3.67335e+000  4.51667e+001
           122  1.22000e+002 -3.69045e+000  4.53333e+001
           123  1.23000e+002 -3.70893e+000  4.55000e+001
           124  1.24000e+002 -3.72773e+000  4.56667e+001
           125  1.25000e+002 -3.74660e+000  4.58333e+001
           126  1.26000e+002 -3.76602e+000  4.60000e+001
           127  1.27000e+002 -3.78518e+000  4.61667e+001
           128  1.28000e+002 -3.80448e+000  4.63333e+001
           129  1.29000e+002 -3.82361e+000  4.65000e+001
           130  1.30000e+002 -3.84249e+000  4.66667e+001
           131  1.31000e+002 -3.86139e+000  4.68333e+001
           132  1.32000e+002 -3.87916e+000  4.70000e+001
           133  1.33000e+002 -3.89600e+000  4.71667e+001
           134  1.34000e+002 -3.91144e+000  4.73333e+001
           135  1.35000e+002 -3.92581e+000  4.75000e+001
           136  1.36000e+002 -3.93936e+000  4.76667e+001
           137  1.37000e+002 -3.95166e+000  4.78333e+001
           138  1.38000e+002 -3.96259e+000  4.80000e+001
           139  1.39000e+002 -3.97338e+000  4.81667e+001
           140  1.40000e+002 -3.98169e+000  4.83333e+001
           141  1.41000e+002 -3.98931e+000  4.85000e+001
           142  1.42000e+002 -3.99631e+000  4.86667e+001
           143  1.43000e+002 -4.00266e+000  4.88333e+001
           144  1.44000e+002 -4.00828e+000  4.90000e+001
           145  1.45000e+002 -4.01388e+000  4.91667e+001
           146  1.46000e+002 -4.01867e+000  4.93333e+001
           147  1.47000e+002 -4.02324e+000  4.95000e+001
           148  1.48000e+002 -4.02766e+000  4.96667e+001
           149  1.49000e+002 -4.03226e+000  4.98333e+001
           150  1.50000e+002 -4.03677e+000  5.00000e+001
           151  1.51000e+002 -4.04132e+000  5.01667e+001
           152  1.52000e+002 -4.04605e+000  5.03333e+001
           153  1.53000e+002 -4.05085e+000  5.05000e+001
           154  1.54000e+002 -4.05571e+000  5.06667e+001
           155  1.55000e+002 -4.06063e+000  5.08333e+001
           156  1.56000e+002 -4.06593e+000  5.10000e+001
           157  1.57000e+002 -4.07118e+000  5.11667e+001
           158  1.58000e+002 -4.07648e+000  5.13333e+001
           159  1.59000e+002 -4.08183e+000  5.15000e+001
           160  1.60000e+002 -4.08756e+000  5.16667e+001
           161  1.61000e+002 -4.09319e+000  5.18333e+001
           162  1.62000e+002 -4.09881e+000  5.20000e+001
           163  1.63000e+002 -4.10444e+000  5.21667e+001
           164  1.64000e+002 -4.11042e+000  5.23333e+001
           165  1.65000e+002 -4.11636e+000  5.25000e+001
           166  1.66000e+002 -4.12238e+000  5.26667e+001
           167  1.67000e+002 -4.12848e+000  5.28333e+001
           168  1.68000e+002 -4.13498e+000  5.30000e+001
           169  1.69000e+002 -4.14141e+000  5.31667e+001
           170  1.70000e+002 -4.14825e+000  5.33333e+001
           171  1.71000e+002 -4.15545e+000  5.35000e+001
           172  1.72000e+002 -4.16311e+000  5.36667e+001
           173  1.73000e+002 -4.17059e+000  5.38333e+001
           174  1.74000e+002 -4.17849e+000  5.40000e+001
           175  1.75000e+002 -4.18661e+000  5.41667e+001
           176  1.76000e+002 -4.19523e+000  5.43333e+001
           177  1.77000e+002 -4.20375e+000  5.45000e+001
           178  1.78000e+002 -4.21232e+000  5.46667e+001
           179  1.79000e+002 -4.22102e+000  5.48333e+001
           180  1.80000e+002 -4.23029e+000  5.50000e+001
           181  1.81000e+002 -4.23950e+000  5.51667e+001
           182  1.82000e+002 -4.24876e+000  5.53333e+001
           183  1.83000e+002 -4.25797e+000  5.55000e+001
           184  1.84000e+002 -4.26830e+000  5.56667e+001
           185  1.85000e+002 -4.27846e+000  5.58333e+001
           186  1.86000e+002 -4.28861e+000  5.60000e+001
           187  1.87000e+002 -4.29887e+000  5.61667e+001
           188  1.88000e+002 -4.30948e+000  5.63333e+001
           189  1.89000e+002 -4.31993e+000  5.65000e+001
           190  1.90000e+002 -4.33040e+000  5.66667e+001
           191  1.91000e+002 -4.34097e+000  5.68333e+001
           192  1.92000e+002 -4.35197e+000  5.70000e+001
           193  1.93000e+002 -4.36286e+000  5.71667e+001
           194  1.94000e+002 -4.37376e+000  5.73333e+001
           195  1.95000e+002 -4.38466e+000  5.75000e+001
           196  1.96000e+002 -4.39587e+000  5.76667e+001
           197  1.97000e+002 -4.40696e+000  5.78333e+001
           198  1.98000e+002 -4.41801e+000  5.80000e+001
           199  1.99000e+002 -4.42904e+000  5.81667e+001
           200  2.00000e+002 -4.44006e+000  5.83333e+001
           201  2.01000e+002 -4.45114e+000  5.85000e+001
           202  2.02000e+002 -4.46228e+000  5.86667e+001
           203  2.03000e+002 -4.47344e+000  5.88333e+001
           204  2.04000e+002 -4.48471e+000  5.90000e+001
           205  2.05000e+002 -4.49594e+000  5.91667e+001
           206  2.06000e+002 -4.50710e+000  5.93333e+001
           207  2.07000e+002 -4.51823e+000  5.95000e+001
           208  2.08000e+002 -4.52942e+000  5.96667e+001
           209  2.09000e+002 -4.54060e+000  5.98333e+001
           210  2.10000e+002 -4.55173e+000  6.00000e+001
           211  2.11000e+002 -4.56287e+000  6.01667e+001
           212  2.12000e+002 -4.57407e+000  6.03333e+001
           213  2.13000e+002 -4.58521e+000  6.05000e+001
           214  2.14000e+002 -4.59638e+000  6.06667e+001
           215  2.15000e+002 -4.60760e+000  6.08333e+001
           216  2.16000e+002 -4.61891e+000  6.10000e+001
           217  2.17000e+002 -4.63012e+000  6.11667e+001
           218  2.18000e+002 -4.64128e+000  6.13333e+001
           219  2.19000e+002 -4.65243e+000  6.15000e+001
           220  2.20000e+002 -4.66353e+000  6.16667e+001
           221  2.21000e+002 -4.67465e+000  6.18333e+001
           222  2.22000e+002 -4.68581e+000  6.20000e+001
           223  2.23000e+002 -4.69698e+000  6.21667e+001
           224  2.24000e+002 -4.70817e+000  6.23333e+001
           225  2.25000e+002 -4.71936e+000  6.25000e+001
           226  2.26000e+002 -4.73058e+000  6.26667e+001
           227  2.27000e+002 -4.74182e+000  6.28333e+001
           228  2.28000e+002 -4.75321e+000  6.30000e+001
           229  2.29000e+002 -4.76459e+000  6.31667e+001
           230  2.30000e+002 -4.77601e+000  6.33333e+001
           231  2.31000e+002 -4.78744e+000  6.35000e+001
           232  2.32000e+002 -4.79893e+000  6.36667e+001
           233  2.33000e+002 -4.81034e+000  6.38333e+001
           234  2.34000e+002 -4.82178e+000  6.40000e+001
           235  2.35000e+002 -4.83331e+000  6.41667e+001
           236  2.36000e+002 -4.84482e+000  6.43333e+001
           237  2.37000e+002 -4.85630e+000  6.45000e+001
           238  2.38000e+002 -4.86788e+000  6.46667e+001
           239  2.39000e+002 -4.87947e+000  6.48333e+001
           240  2.40000e+002 -4.89095e+000  6.50000e+001
           241  2.41000e+002 -4.90235e+000  6.51667e+001
           242  2.42000e+002 -4.91368e+000  6.53333e+001
           243  2.43000e+002 -4.92494e+000  6.55000e+001
           244  2.44000e+002 -4.93604e+000  6.56667e+001
           245  2.45000e+002 -4.94728e+000  6.58333e+001
           246  2.46000e+002 -4.95855e+000  6.60000e+001
           247  2.47000e+002 -4.96983e+000  6.61667e+001
           248  2.48000e+002 -4.98119e+000  6.63333e+001
           249  2.49000e+002 -4.99241e+000  6.65000e+001
           250  2.50000e+002 -5.00356e+000  6.66667e+001
           251  2.51000e+002 -5.01470e+000  6.68333e+001
           252  2.52000e+002 -5.02577e+000  6.70000e+001
           253  2.53000e+002 -5.03685e+000  6.71667e+001
           254  2.54000e+002 -5.04779e+000  6.73333e+001
           255  2.55000e+002 -5.05865e+000  6.75000e+001
           256  2.56000e+002 -5.06951e+000  6.76667e+001
           257  2.57000e+002 -5.08038e+000  6.78333e+001
           258  2.58000e+002 -5.09128e+000  6.80000e+001
           259  2.59000e+002 -5.10223e+000  6.81667e+001
           260  2.60000e+002 -5.11316e+000  6.83333e+001
           261  2.61000e+002 -5.12405e+000  6.85000e+001
           262  2.62000e+002 -5.13503e+000  6.86667e+001
           263  2.63000e+002 -5.14605e+000  6.88333e+001
           264  2.64000e+002 -5.15698e+000  6.90000e+001
           265  2.65000e+002 -5.16781e+000  6.91667e+001
           266  2.66000e+002 -5.17853e+000  6.93333e+001
           267  2.67000e+002 -5.18922e+000  6.95000e+001
           268  2.68000e+002 -5.19962e+000  6.96667e+001
           269  2.69000e+002 -5.21004e+000  6.98333e+001
           270  2.70000e+002 -5.22042e+000  7.00000e+001
           271  2.71000e+002 -5.23074e+000  7.01667e+001
           272  2.72000e+002 -5.24092e+000  7.03333e+001
           273  2.73000e+002 -5.25122e+000  7.05000e+001
           274  2.74000e+002 -5.26151e+000  7.06667e+001
           275  2.75000e+002 -5.27175e+000  7.08333e+001
           276  2.76000e+002 -5.28212e+000  7.10000e+001
           277  2.77000e+002 -5.29247e+000  7.11667e+001
           278  2.78000e+002 -5.30278e+000  7.13333e+001
           279  2.79000e+002 -5.31307e+000  7.15000e+001
           280  2.80000e+002 -5.32328e+000  7.16667e+001
           281  2.81000e+002 -5.33341e+000  7.18333e+001
           282  2.82000e+002 -5.34338e+000  7.20000e+001
           283  2.83000e+002 -5.35329e+000  7.21667e+001
           284  2.84000e+002 -5.36300e+000  7.23333e+001
           285  2.85000e+002 -5.37275e+000  7.25000e+001
           286  2.86000e+002 -5.38250e+000  7.26667e+001
           287  2.87000e+002 -5.39231e+000  7.28333e+001
           288  2.88000e+002 -5.40203e+000  7.30000e+001
           289  2.89000e+002 -5.41181e+000  7.31667e+001
           290  2.90000e+002 -5.42160e+000  7.33333e+001
           291  2.91000e+002 -5.43141e+000  7.35000e+001
           292  2.92000e+002 -5.44107e+000  7.36667e+001
           293  2.93000e+002 -5.45058e+000  7.38333e+001
           294  2.94000e+002 -5.46000e+000  7.40000e+001
           295  2.95000e+002 -5.46938e+000  7.41667e+001
           296  2.96000e+002 -5.47826e+000  7.43333e+001
           297  2.97000e+002 -5.48714e+000  7.45000e+001
           298  2.98000e+002 -5.49589e+000  7.46667e+001
           299  2.99000e+002 -5.50456e+000  7.48333e+001
           300  3.00000e+002 -5.51266e+000  7.50000e+001
           301  3.01000e+002 -5.52086e+000  7.51667e+001
           302  3.02000e+002 -5.52903e+000  7.53333e+001
           303  3.03000e+002 -5.53711e+000  7.55000e+001
           304  3.04000e+002 -5.54458e+000  7.56667e+001
           305  3.05000e+002 -5.55217e+000  7.58333e+001
           306  3.06000e+002 -5.55975e+000  7.60000e+001
           307  3.07000e+002 -5.56734e+000  7.61667e+001
           308  3.08000e+002 -5.57457e+000  7.63333e+001
           309  3.09000e+002 -5.58201e+000  7.65000e+001
           310  3.10000e+002 -5.58948e+000  7.66667e+001
           311  3.11000e+002 -5.59693e+000  7.68333e+001
           312  3.12000e+002 -5.60432e+000  7.70000e+001
           313  3.13000e+002 -5.61164e+000  7.71667e+001
           314  3.14000e+002 -5.61904e+000  7.73333e+001
           315  3.15000e+002 -5.62652e+000  7.75000e+001
           316  3.16000e+002 -5.63389e+000  7.76667e+001
           317  3.17000e+002 -5.64128e+000  7.78333e+001
           318  3.18000e+002 -5.64864e+000  7.80000e+001
           319  3.19000e+002 -5.65591e+000  7.81667e+001
           320  3.20000e+002 -5.66319e+000  7.83333e+001
           321  3.21000e+002 -5.67034e+000  7.85000e+001
           322  3.22000e+002 -5.67735e+000  7.86667e+001
           323  3.23000e+002 -5.68432e+000  7.88333e+001
           324  3.24000e+002 -5.69078e+000  7.90000e+001
           325  3.25000e+002 -5.69723e+000  7.91667e+001
           326  3.26000e+002 -5.70357e+000  7.93333e+001
           327  3.27000e+002 -5.70983e+000  7.95000e+001
           328  3.28000e+002 -5.71562e+000  7.96667e+001
           329  3.29000e+002 -5.72153e+000  7.98333e+001
           330  3.30000e+002 -5.72729e+000  8.00000e+001
           331  3.31000e+002 -5.73292e+000  8.01667e+001
           332  3.32000e+002 -5.73826e+000  8.03333e+001
           333  3.33000e+002 -5.74368e+000  8.05000e+001
           334  3.34000e+002 -5.74902e+000  8.06667e+001
           335  3.35000e+002 -5.75431e+000  8.08333e+001
           336  3.36000e+002 -5.75918e+000  8.10000e+001
           337  3.37000e+002 -5.76405e+000  8.11667e+001
           338  3.38000e+002 -5.76883e+000  8.13333e+001
           339  3.39000e+002 -5.77351e+000  8.15000e+001
           340  3.40000e+002 -5.77770e+000  8.16667e+001
           341  3.41000e+002 -5.78198e+000  8.18333e+001
           342  3.42000e+002 -5.78619e+000  8.20000e+001
           343  3.43000e+002 -5.79035e+000  8.21667e+001
           344  3.44000e+002 -5.79403e+000  8.23333e+001
           345  3.45000e+002 -5.79771e+000  8.25000e+001
           346  3.46000e+002 -5.80130e+000  8.26667e+001
           347  3.47000e+002 -5.80485e+000  8.28333e+001
           348  3.48000e+002 -5.80795e+000  8.30000e+001
           349  3.49000e+002 -5.81099e+000  8.31667e+001
           350  3.50000e+002 -5.81391e+000  8.33333e+001
           351  3.51000e+002 -5.81678e+000  8.35000e+001
           352  3.52000e+002 -5.81910e+000  8.36667e+001
           353  3.53000e+002 -5.82146e+000  8.38333e+001
           354  3.54000e+002 -5.82369e+000  8.40000e+001
           355  3.55000e+002 -5.82584e+000  8.41667e+001
           356  3.56000e+002 -5.82747e+000  8.43333e+001
           357  3.57000e+002 -5.82923e+000  8.45000e+001
           358  3.58000e+002 -5.83085e+000  8.46667e+001
           359  3.59000e+002 -5.83237e+000  8.48333e+001
           360  3.60000e+002 -5.83354e+000  8.50000e+001
           361  3.61000e+002 -5.83478e+000  8.51667e+001
           362  3.62000e+002 -5.83591e+000  8.53333e+001
           363  3.63000e+002 -5.83692e+000  8.55000e+001
           364  3.64000e+002 -5.83741e+000  8.56667e+001
           365  3.65000e+002 -5.83815e+000  8.58333e+001
           366  3.66000e+002 -5.83872e+000  8.60000e+001
           367  3.67000e+002 -5.83899e+000  8.61667e+001
           368  3.68000e+002 -5.83675e+000  8.63333e+001
           369  3.69000e+002 -5.83514e+000  8.65000e+001
           370  3.70000e+002 -5.83439e+000  8.66667e+001
           371  3.71000e+002 -5.83463e+000  8.68333e+001
           372  3.72000e+002 -5.83465e+000  8.70000e+001
           373  3.73000e+002 -5.83444e+000  8.71667e+001
           374  3.74000e+002 -5.83351e+000  8.73333e+001
           375  3.75000e+002 -5.83230e+000  8.75000e+001
           376  3.76000e+002 -5.83070e+000  8.76667e+001
           377  3.77000e+002 -5.82925e+000  8.78333e+001
           378  3.78000e+002 -5.82764e+000  8.80000e+001
           379  3.79000e+002 -5.82586e+000  8.81667e+001
           380  3.80000e+002 -5.82355e+000  8.83333e+001
           381  3.81000e+002 -5.82181e+000  8.85000e+001
           382  3.82000e+002 -5.81942e+000  8.86667e+001
           383  3.83000e+002 -5.81595e+000  8.88333e+001
           384  3.84000e+002 -5.81258e+000  8.90000e+001
           385  3.85000e+002 -5.80949e+000  8.91667e+001
           386  3.86000e+002 -5.80633e+000  8.93333e+001
           387  3.87000e+002 -5.80312e+000  8.95000e+001
           388  3.88000e+002 -5.79979e+000  8.96667e+001
           389  3.89000e+002 -5.79639e+000  8.98333e+001
           390  3.90000e+002 -5.79283e+000  9.00000e+001
           391  3.91000e+002 -5.78917e+000  9.01667e+001
           392  3.92000e+002 -5.78506e+000  9.03333e+001
           393  3.93000e+002 -5.78101e+000  9.05000e+001
           394  3.94000e+002 -5.77680e+000  9.06667e+001
           395  3.95000e+002 -5.77207e+000  9.08333e+001
           396  3.96000e+002 -5.76696e+000  9.10000e+001
           397  3.97000e+002 -5.76206e+000  9.11667e+001
           398  3.98000e+002 -5.75718e+000  9.13333e+001
           399  3.99000e+002 -5.75227e+000  9.15000e+001
           400  4.00000e+002 -5.74694e+000  9.16667e+001
           401  4.01000e+002 -5.74161e+000  9.18333e+001
           402  4.02000e+002 -5.73659e+000  9.20000e+001
           403  4.03000e+002 -5.73195e+000  9.21667e+001
           404  4.04000e+002 -5.72466e+000  9.23333e+001
           405  4.05000e+002 -5.71825e+000  9.25000e+001
           406  4.06000e+002 -5.71190e+000  9.26667e+001
           407  4.07000e+002 -5.70553e+000  9.28333e+001
           408  4.08000e+002 -5.69876e+000  9.30000e+001
           409  4.09000e+002 -5.69198e+000  9.31667e+001
           410  4.10000e+002 -5.68507e+000  9.33333e+001
           411  4.11000e+002 -5.67805e+000  9.35000e+001
           412  4.12000e+002 -5.67075e+000  9.36667e+001
           413  4.13000e+002 -5.66344e+000  9.38333e+001
           414  4.14000e+002 -5.65599e+000  9.40000e+001
           415  4.15000e+002 -5.64840e+000  9.41667e+001
           416  4.16000e+002 -5.64040e+000  9.43333e+001
           417  4.17000e+002 -5.63250e+000  9.45000e+001
           418  4.18000e+002 -5.62425e+000  9.46667e+001
           419  4.19000e+002 -5.61577e+000  9.48333e+001
           420  4.20000e+002 -5.60700e+000  9.50000e+001
           421  4.21000e+002 -5.59839e+000  9.51667e+001
           422  4.22000e+002 -5.58975e+000  9.53333e+001
           423  4.23000e+002 -5.58103e+000  9.55000e+001
           424  4.24000e+002 -5.57214e+000  9.56667e+001
           425  4.25000e+002 -5.56316e+000  9.58333e+001
           426  4.26000e+002 -5.55408e+000  9.60000e+001
           427  4.27000e+002 -5.54492e+000  9.61667e+001
           428  4.28000e+002 -5.53530e+000  9.63333e+001
           429  4.29000e+002 -5.52586e+000  9.65000e+001
           430  4.30000e+002 -5.51640e+000  9.66667e+001
           431  4.31000e+002 -5.50690e+000  9.68333e+001
           432  4.32000e+002 -5.49703e+000  9.70000e+001
           433  4.33000e+002 -5.48712e+000  9.71667e+001
           434  4.34000e+002 -5.47713e+000  9.73333e+001
           435  4.35000e+002 -5.46721e+000  9.75000e+001
           436  4.36000e+002 -5.45622e+000  9.76667e+001
           437  4.37000e+002 -5.44550e+000  9.78333e+001
           438  4.38000e+002 -5.43449e+000  9.80000e+001
           439  4.39000e+002 -5.42362e+000  9.81667e+001
           440  4.40000e+002 -5.41228e+000  9.83333e+001
           441  4.41000e+002 -5.40107e+000  9.85000e+001
           442  4.42000e+002 -5.38979e+000  9.86667e+001
           443  4.43000e+002 -5.37849e+000  9.88333e+001
           444  4.44000e+002 -5.36700e+000  9.90000e+001
           445  4.45000e+002 -5.35540e+000  9.91667e+001
           446  4.46000e+002 -5.34359e+000  9.93333e+001
           447  4.47000e+002 -5.33166e+000  9.95000e+001
           448  4.48000e+002 -5.31927e+000  9.96667e+001
           449  4.49000e+002 -5.30698e+000  9.98333e+001
           450  4.50000e+002 -5.29467e+000  1.00000e+002
           451  4.51000e+002 -5.28236e+000  1.00167e+002
           452  4.52000e+002 -5.26976e+000  1.00333e+002
           453  4.53000e+002 -5.25724e+000  1.00500e+002
           454  4.54000e+002 -5.24470e+000  1.00667e+002
           455  4.55000e+002 -5.23217e+000  1.00833e+002
           456  4.56000e+002 -5.21957e+000  1.01000e+002
           457  4.57000e+002 -5.20702e+000  1.01167e+002
           458  4.58000e+002 -5.19448e+000  1.01333e+002
           459  4.59000e+002 -5.18195e+000  1.01500e+002
           460  4.60000e+002 -5.16929e+000  1.01667e+002
           461  4.61000e+002 -5.15652e+000  1.01833e+002
           462  4.62000e+002 -5.14368e+000  1.02000e+002
           463  4.63000e+002 -5.13086e+000  1.02167e+002
           464  4.64000e+002 -5.11779e+000  1.02333e+002
           465  4.65000e+002 -5.10472e+000  1.02500e+002
           466  4.66000e+002 -5.09154e+000  1.02667e+002
           467  4.67000e+002 -5.07827e+000  1.02833e+002
           468  4.68000e+002 -5.06469e+000  1.03000e+002
           469  4.69000e+002 -5.05116e+000  1.03167e+002
           470  4.70000e+002 -5.03765e+000  1.03333e+002
           471  4.71000e+002 -5.02412e+000  1.03500e+002
           472  4.72000e+002 -5.01038e+000  1.03667e+002
           473  4.73000e+002 -4.99684e+000  1.03833e+002
           474  4.74000e+002 -4.98338e+000  1.04000e+002
           475  4.75000e+002 -4.96991e+000  1.04167e+002
           476  4.76000e+002 -4.95667e+000  1.04333e+002
           477  4.77000e+002 -4.94331e+000  1.04500e+002
           478  4.78000e+002 -4.92987e+000  1.04667e+002
           479  4.79000e+002 -4.91643e+000  1.04833e+002
           480  4.80000e+002 -4.90307e+000  1.05000e+002
           481  4.81000e+002 -4.88972e+000  1.05167e+002
           482  4.82000e+002 -4.87639e+000  1.05333e+002
           483  4.83000e+002 -4.86306e+000  1.05500e+002
           484  4.84000e+002 -4.84971e+000  1.05667e+002
           485  4.85000e+002 -4.83626e+000  1.05833e+002
           486  4.86000e+002 -4.82269e+000  1.06000e+002
           487  4.87000e+002 -4.80902e+000  1.06167e+002
           488  4.88000e+002 -4.79511e+000  1.06333e+002
           489  4.89000e+002 -4.78134e+000  1.06500e+002
           490  4.90000e+002 -4.76770e+000  1.06667e+002
           491  4.91000e+002 -4.75414e+000  1.06833e+002
           492  4.92000e+002 -4.74060e+000  1.07000e+002
           493  4.93000e+002 -4.72704e+000  1.07167e+002
           494  4.94000e+002 -4.71343e+000  1.07333e+002
           495  4.95000e+002 -4.69984e+000  1.07500e+002
           496  4.96000e+002 -4.68651e+000  1.07667e+002
           497  4.97000e+002 -4.67311e+000  1.07833e+002
           498  4.98000e+002 -4.65972e+000  1.08000e+002
           499  4.99000e+002 -4.64631e+000  1.08167e+002
           500  5.00000e+002 -4.63292e+000  1.08333e+002
           501  5.01000e+002 -4.61949e+000  1.08500e+002
           502  5.02000e+002 -4.60602e+000  1.08667e+002
           503  5.03000e+002 -4.59251e+000  1.08833e+002
           504  5.04000e+002 -4.57892e+000  1.09000e+002
           505  5.05000e+002 -4.56543e+000  1.09167e+002
           506  5.06000e+002 -4.55199e+000  1.09333e+002
           507  5.07000e+002 -4.53857e+000  1.09500e+002
           508  5.08000e+002 -4.52522e+000  1.09667e+002
           509  5.09000e+002 -4.51190e+000  1.09833e+002
           510  5.10000e+002 -4.49860e+000  1.10000e+002
           511  5.11000e+002 -4.48526e+000  1.10167e+002
           512  5.12000e+002 -4.47185e+000  1.10333e+002
           513  5.13000e+002 -4.45850e+000  1.10500e+002
           514  5.14000e+002 -4.44525e+000  1.10667e+002
           515  5.15000e+002 -4.43208e+000  1.10833e+002
           516  5.16000e+002 -4.41893e+000  1.11000e+002
           517  5.17000e+002 -4.40590e+000  1.11167e+002
           518  5.18000e+002 -4.39296e+000  1.11333e+002
           519  5.19000e+002 -4.38008e+000  1.11500e+002
           520  5.20000e+002 -4.36755e+000  1.11667e+002
           521  5.21000e+002 -4.35495e+000  1.11833e+002
           522  5.22000e+002 -4.34247e+000  1.12000e+002
           523  5.23000e+002 -4.33005e+000  1.12167e+002
           524  5.24000e+002 -4.31772e+000  1.12333e+002
           525  5.25000e+002 -4.30539e+000  1.12500e+002
           526  5.26000e+002 -4.29314e+000  1.12667e+002
           527  5.27000e+002 -4.28090e+000  1.12833e+002
           528  5.28000e+002 -4.26880e+000  1.13000e+002
           529  5.29000e+002 -4.25666e+000  1.13167e+002
           530  5.30000e+002 -4.24460e+000  1.13333e+002
           531  5.31000e+002 -4.23259e+000  1.13500e+002
           532  5.32000e+002 -4.22079e+000  1.13667e+002
           533  5.33000e+002 -4.20896e+000  1.13833e+002
           534  5.34000e+002 -4.19720e+000  1.14000e+002
           535  5.35000e+002 -4.18552e+000  1.14167e+002
           536  5.36000e+002 -4.17422e+000  1.14333e+002
           537  5.37000e+002 -4.16292e+000  1.14500e+002
           538  5.38000e+002 -4.15165e+000  1.14667e+002
           539  5.39000e+002 -4.14038e+000  1.14833e+002
           540  5.40000e+002 -4.12960e+000  1.15000e+002
           541  5.41000e+002 -4.11878e+000  1.15167e+002
           542  5.42000e+002 -4.10798e+000  1.15333e+002
           543  5.43000e+002 -4.09719e+000  1.15500e+002
           544  5.44000e+002 -4.08664e+000  1.15667e+002
           545  5.45000e+002 -4.07604e+000  1.15833e+002
           546  5.46000e+002 -4.06552e+000  1.16000e+002
           547  5.47000e+002 -4.05511e+000  1.16167e+002
           548  5.48000e+002 -4.04482e+000  1.16333e+002
           549  5.49000e+002 -4.03453e+000  1.16500e+002
           550  5.50000e+002 -4.02435e+000  1.16667e+002
           551  5.51000e+002 -4.01427e+000  1.16833e+002
           552  5.52000e+002 -4.00447e+000  1.17000e+002
           553  5.53000e+002 -3.99462e+000  1.17167e+002
           554  5.54000e+002 -3.98483e+000  1.17333e+002
           555  5.55000e+002 -3.97509e+000  1.17500e+002
           556  5.56000e+002 -3.96569e+000  1.17667e+002
           557  5.57000e+002 -3.95617e+000  1.17833e+002
           558  5.58000e+002 -3.94666e+000  1.18000e+002
           559  5.59000e+002 -3.93720e+000  1.18167e+002
           560  5.60000e+002 -3.92805e+000  1.18333e+002
           561  5.61000e+002 -3.91884e+000  1.18500e+002
           562  5.62000e+002 -3.90971e+000  1.18667e+002
           563  5.63000e+002 -3.90073e+000  1.18833e+002
           564  5.64000e+002 -3.89214e+000  1.19000e+002
           565  5.65000e+002 -3.88343e+000  1.19167e+002
           566  5.66000e+002 -3.87479e+000  1.19333e+002
           567  5.67000e+002 -3.86618e+000  1.19500e+002
           568  5.68000e+002 -3.85788e+000  1.19667e+002
           569  5.69000e+002 -3.84957e+000  1.19833e+002
           570  5.70000e+002 -3.84141e+000  1.20000e+002
           571  5.71000e+002 -3.83332e+000  1.20167e+002
           572  5.72000e+002 -3.82563e+000  1.20333e+002
           573  5.73000e+002 -3.81799e+000  1.20500e+002
           574  5.74000e+002 -3.81050e+000  1.20667e+002
           575  5.75000e+002 -3.80316e+000  1.20833e+002
           576  5.76000e+002 -3.79634e+000  1.21000e+002
           577  5.77000e+002 -3.78926e+000  1.21167e+002
           578  5.78000e+002 -3.78216e+000  1.21333e+002
           579  5.79000e+002 -3.77507e+000  1.21500e+002
           580  5.80000e+002 -3.76804e+000  1.21667e+002
           581  5.81000e+002 -3.76095e+000  1.21833e+002
           582  5.82000e+002 -3.75391e+000  1.22000e+002
           583  5.83000e+002 -3.74695e+000  1.22167e+002
           584  5.84000e+002 -3.74000e+000  1.22333e+002
           585  5.85000e+002 -3.73301e+000  1.22500e+002
           586  5.86000e+002 -3.72608e+000  1.22667e+002
           587  5.87000e+002 -3.71924e+000  1.22833e+002
           588  5.88000e+002 -3.71276e+000  1.23000e+002
           589  5.89000e+002 -3.70617e+000  1.23167e+002
           590  5.90000e+002 -3.69944e+000  1.23333e+002
           591  5.91000e+002 -3.69304e+000  1.23500e+002
           592  5.92000e+002 -3.68773e+000  1.23667e+002
           593  5.93000e+002 -3.68186e+000  1.23833e+002
           594  5.94000e+002 -3.67625e+000  1.24000e+002
           595  5.95000e+002 -3.67064e+000  1.24167e+002
           596  5.96000e+002 -3.66356e+000  1.24333e+002
           597  5.97000e+002 -3.65686e+000  1.24500e+002
           598  5.98000e+002 -3.65055e+000  1.24667e+002
           599  5.99000e+002 -3.64560e+000  1.24833e+002
           600  6.00000e+002 -3.64178e+000  1.25000e+002
           601  6.01000e+002 -3.63717e+000  1.25167e+002
           602  6.02000e+002 -3.63257e+000  1.25333e+002
           603  6.03000e+002 -3.62806e+000  1.25500e+002
           604  6.04000e+002 -3.62369e+000  1.25667e+002
           605  6.05000e+002 -3.61932e+000  1.25833e+002
           606  6.06000e+002 -3.61500e+000  1.26000e+002
           607  6.07000e+002 -3.61072e+000  1.26167e+002
           608  6.08000e+002 -3.60674e+000  1.26333e+002
           609  6.09000e+002 -3.60272e+000  1.26500e+002
           610  6.10000e+002 -3.59872e+000  1.26667e+002
           611  6.11000e+002 -3.59478e+000  1.26833e+002
           612  6.12000e+002 -3.59113e+000  1.27000e+002
           613  6.13000e+002 -3.58743e+000  1.27167e+002
           614  6.14000e+002 -3.58378e+000  1.27333e+002
           615  6.15000e+002 -3.58018e+000  1.27500e+002
           616  6.16000e+002 -3.57682e+000  1.27667e+002
           617  6.17000e+002 -3.57337e+000  1.27833e+002
           618  6.18000e+002 -3.56999e+000  1.28000e+002
           619  6.19000e+002 -3.56666e+000  1.28167e+002
           620  6.20000e+002 -3.56350e+000  1.28333e+002
           621  6.21000e+002 -3.56037e+000  1.28500e+002
           622  6.22000e+002 -3.55729e+000  1.28667e+002
           623  6.23000e+002 -3.55426e+000  1.28833e+002
           624  6.24000e+002 -3.55146e+000  1.29000e+002
           625  6.25000e+002 -3.54869e+000  1.29167e+002
           626  6.26000e+002 -3.54605e+000  1.29333e+002
           627  6.27000e+002 -3.54346e+000  1.29500e+002
           628  6.28000e+002 -3.54105e+000  1.29667e+002
           629  6.29000e+002 -3.53852e+000  1.29833e+002
           630  6.30000e+002 -3.53611e+000  1.30000e+002
           631  6.31000e+002 -3.53385e+000  1.30167e+002
           632  6.32000e+002 -3.53174e+000  1.30333e+002
           633  6.33000e+002 -3.52971e+000  1.30500e+002
           634  6.34000e+002 -3.52788e+000  1.30667e+002
           635  6.35000e+002 -3.52620e+000  1.30833e+002
           636  6.36000e+002 -3.52498e+000  1.31000e+002
           637  6.37000e+002 -3.52349e+000  1.31167e+002
           638  6.38000e+002 -3.52199e+000  1.31333e+002
           639  6.39000e+002 -3.52054e+000  1.31500e+002
           640  6.40000e+002 -3.51921e+000  1.31667e+002
           641  6.41000e+002 -3.51787e+000  1.31833e+002
           642  6.42000e+002 -3.51663e+000  1.32000e+002
           643  6.43000e+002 -3.51548e+000  1.32167e+002
           644  6.44000e+002 -3.51451e+000  1.32333e+002
           645  6.45000e+002 -3.51356e+000  1.32500e+002
           646  6.46000e+002 -3.51273e+000  1.32667e+002
           647  6.47000e+002 -3.51199e+000  1.32833e+002
           648  6.48000e+002 -3.51163e+000  1.33000e+002
           649  6.49000e+002 -3.51119e+000  1.33167e+002
           650  6.50000e+002 -3.51081e+000  1.33333e+002
           651  6.51000e+002 -3.51051e+000  1.33500e+002
           652  6.52000e+002 -3.51056e+000  1.33667e+002
           653  6.53000e+002 -3.51053e+000  1.33833e+002
           654  6.54000e+002 -3.51055e+000  1.34000e+002
           655  6.55000e+002 -3.51061e+000  1.34167e+002
           656  6.56000e+002 -3.51093e+000  1.34333e+002
           657  6.57000e+002 -3.51119e+000  1.34500e+002
           658  6.58000e+002 -3.51143e+000  1.34667e+002
           659  6.59000e+002 -3.51162e+000  1.34833e+002
           660  6.60000e+002 -3.51172e+000  1.35000e+002
           661  6.61000e+002 -3.51177e+000  1.35167e+002
           662  6.62000e+002 -3.51178e+000  1.35333e+002
           663  6.63000e+002 -3.51176e+000  1.35500e+002
           664  6.64000e+002 -3.51152e+000  1.35667e+002
           665  6.65000e+002 -3.51147e+000  1.35833e+002
           666  6.66000e+002 -3.51148e+000  1.36000e+002
           667  6.67000e+002 -3.51150e+000  1.36167e+002
           668  6.68000e+002 -3.51145e+000  1.36333e+002
           669  6.69000e+002 -3.51138e+000  1.36500e+002
           670  6.70000e+002 -3.51131e+000  1.36667e+002
           671  6.71000e+002 -3.51123e+000  1.36833e+002
           672  6.72000e+002 -3.51104e+000  1.37000e+002
           673  6.73000e+002 -3.51095e+000  1.37167e+002
           674  6.74000e+002 -3.51089e+000  1.37333e+002
           675  6.75000e+002 -3.51089e+000  1.37500e+002
           676  6.76000e+002 -3.51096e+000  1.37667e+002
           677  6.77000e+002 -3.51094e+000  1.37833e+002
           678  6.78000e+002 -3.51086e+000  1.38000e+002
           679  6.79000e+002 -3.51070e+000  1.38167e+002
           680  6.80000e+002 -3.51036e+000  1.38333e+002
           681  6.81000e+002 -3.51005e+000  1.38500e+002
           682  6.82000e+002 -3.50978e+000  1.38667e+002
           683  6.83000e+002 -3.50956e+000  1.38833e+002
           684  6.84000e+002 -3.50920e+000  1.39000e+002
           685  6.85000e+002 -3.50899e+000  1.39167e+002
           686  6.86000e+002 -3.50889e+000  1.39333e+002
           687  6.87000e+002 -3.50885e+000  1.39500e+002
           688  6.88000e+002 -3.50901e+000  1.39667e+002
           689  6.89000e+002 -3.50914e+000  1.39833e+002
           690  6.90000e+002 -3.50936e+000  1.40000e+002
           691  6.91000e+002 -3.50967e+000  1.40167e+002
           692  6.92000e+002 -3.51012e+000  1.40333e+002
           693  6.93000e+002 -3.51047e+000  1.40500e+002
           694  6.94000e+002 -3.51086e+000  1.40667e+002
           695  6.95000e+002 -3.51130e+000  1.40833e+002
           696  6.96000e+002 -3.51192e+000  1.41000e+002
           697  6.97000e+002 -3.51246e+000  1.41167e+002
           698  6.98000e+002 -3.51296e+000  1.41333e+002
           699  6.99000e+002 -3.51343e+000  1.41500e+002
           700  7.00000e+002 -3.51385e+000  1.41667e+002
           701  7.01000e+002 -3.51425e+000  1.41833e+002
           702  7.02000e+002 -3.51464e+000  1.42000e+002
           703  7.03000e+002 -3.51498e+000  1.42167e+002
           704  7.04000e+002 -3.51501e+000  1.42333e+002
           705  7.05000e+002 -3.51518e+000  1.42500e+002
           706  7.06000e+002 -3.51545e+000  1.42667e+002
           707  7.07000e+002 -3.51575e+000  1.42833e+002
           708  7.08000e+002 -3.51609e+000  1.43000e+002
           709  7.09000e+002 -3.51649e+000  1.43167e+002
           710  7.10000e+002 -3.51690e+000  1.43333e+002
           711  7.11000e+002 -3.51733e+000  1.43500e+002
           712  7.12000e+002 -3.51815e+000  1.43667e+002
           713  7.13000e+002 -3.51896e+000  1.43833e+002
           714  7.14000e+002 -3.51981e+000  1.44000e+002
           715  7.15000e+002 -3.52067e+000  1.44167e+002
           716  7.16000e+002 -3.52174e+000  1.44333e+002
           717  7.17000e+002 -3.52269e+000  1.44500e+002
           718  7.18000e+002 -3.52361e+000  1.44667e+002
           719  7.19000e+002 -3.52446e+000  1.44833e+002
           720  7.20000e+002 -3.52507e+000  1.45000e+002
           721  7.21000e+002 -3.52577e+000  1.45167e+002
           722  7.22000e+002 -3.52653e+000  1.45333e+002
           723  7.23000e+002 -3.52724e+000  1.45500e+002
           724  7.24000e+002 -3.52773e+000  1.45667e+002
           725  7.25000e+002 -3.52828e+000  1.45833e+002
           726  7.26000e+002 -3.52881e+000  1.46000e+002
           727  7.27000e+002 -3.52930e+000  1.46167e+002
           728  7.28000e+002 -3.52979e+000  1.46333e+002
           729  7.29000e+002 -3.53044e+000  1.46500e+002
           730  7.30000e+002 -3.53118e+000  1.46667e+002
           731  7.31000e+002 -3.53191e+000  1.46833e+002
           732  7.32000e+002 -3.53281e+000  1.47000e+002
           733  7.33000e+002 -3.53366e+000  1.47167e+002
           734  7.34000e+002 -3.53454e+000  1.47333e+002
           735  7.35000e+002 -3.53543e+000  1.47500e+002
           736  7.36000e+002 -3.53641e+000  1.47667e+002
           737  7.37000e+002 -3.53738e+000  1.47833e+002
           738  7.38000e+002 -3.53832e+000  1.48000e+002
           739  7.39000e+002 -3.53931e+000  1.48167e+002
           740  7.40000e+002 -3.54050e+000  1.48333e+002
           741  7.41000e+002 -3.54171e+000  1.48500e+002
           742  7.42000e+002 -3.54296e+000  1.48667e+002
           743  7.43000e+002 -3.54420e+000  1.48833e+002
           744  7.44000e+002 -3.54535e+000  1.49000e+002
           745  7.45000e+002 -3.54637e+000  1.49167e+002
           746  7.46000e+002 -3.54729e+000  1.49333e+002
           747  7.47000e+002 -3.54814e+000  1.49500e+002
           748  7.48000e+002 -3.54861e+000  1.49667e+002
           749  7.49000e+002 -3.54938e+000  1.49833e+002
           750  7.50000e+002 -3.55035e+000  1.50000e+002
           751  7.51000e+002 -3.55136e+000  1.50167e+002
           752  7.52000e+002 -3.55231e+000  1.50333e+002
           753  7.53000e+002 -3.55317e+000  1.50500e+002
           754  7.54000e+002 -3.55408e+000  1.50667e+002
           755  7.55000e+002 -3.55499e+000  1.50833e+002
           756  7.56000e+002 -3.55537e+000  1.51000e+002
           757  7.57000e+002 -3.55624e+000  1.51167e+002
           758  7.58000e+002 -3.55684e+000  1.51333e+002
           759  7.59000e+002 -3.55560e+000  1.51500e+002
           760  7.60000e+002 -3.53293e+000  1.51667e+002
           761  7.61000e+002 -3.52344e+000  1.51833e+002
           762  7.62000e+002 -3.52496e+000  1.52000e+002
           763  7.63000e+002 -3.52886e+000  1.52167e+002
           764  7.64000e+002 -3.53353e+000  1.52333e+002
           765  7.65000e+002 -3.53752e+000  1.52500e+002
           766  7.66000e+002 -3.54095e+000  1.52667e+002
           767  7.67000e+002 -3.54380e+000  1.52833e+002
           768  7.68000e+002 -3.54595e+000  1.53000e+002
           769  7.69000e+002 -3.54853e+000  1.53167e+002
           770  7.70000e+002 -3.55123e+000  1.53333e+002
           771  7.71000e+002 -3.55392e+000  1.53500e+002
           772  7.72000e+002 -3.55626e+000  1.53667e+002
           773  7.73000e+002 -3.55858e+000  1.53833e+002
           774  7.74000e+002 -3.56119e+000  1.54000e+002
           775  7.75000e+002 -3.56450e+000  1.54167e+002
           776  7.76000e+002 -3.56508e+000  1.54333e+002
           777  7.77000e+002 -3.56646e+000  1.54500e+002
           778  7.78000e+002 -3.56785e+000  1.54667e+002
           779  7.79000e+002 -3.56915e+000  1.54833e+002
           780  7.80000e+002 -3.57016e+000  1.55000e+002
           781  7.81000e+002 -3.57138e+000  1.55167e+002
           782  7.82000e+002 -3.57257e+000  1.55333e+002
           783  7.83000e+002 -3.57374e+000  1.55500e+002
           784  7.84000e+002 -3.57498e+000  1.55667e+002
           785  7.85000e+002 -3.57619e+000  1.55833e+002
           786  7.86000e+002 -3.57741e+000  1.56000e+002
           787  7.87000e+002 -3.57862e+000  1.56167e+002
           788  7.88000e+002 -3.57983e+000  1.56333e+002
           789  7.89000e+002 -3.58110e+000  1.56500e+002
           790  7.90000e+002 -3.58235e+000  1.56667e+002
           791  7.91000e+002 -3.58358e+000  1.56833e+002
           792  7.92000e+002 -3.58498e+000  1.57000e+002
           793  7.93000e+002 -3.58627e+000  1.57167e+002
           794  7.94000e+002 -3.58757e+000  1.57333e+002
           795  7.95000e+002 -3.58891e+000  1.57500e+002
           796  7.96000e+002 -3.59037e+000  1.57667e+002
           797  7.97000e+002 -3.59172e+000  1.57833e+002
           798  7.98000e+002 -3.59302e+000  1.58000e+002
           799  7.99000e+002 -3.59436e+000  1.58167e+002
           800  8.00000e+002 -3.59579e+000  1.58333e+002
           801  8.01000e+002 -3.59717e+000  1.58500e+002
           802  8.02000e+002 -3.59851e+000  1.58667e+002
           803  8.03000e+002 -3.59979e+000  1.58833e+002
           804  8.04000e+002 -3.60087e+000  1.59000e+002
           805  8.05000e+002 -3.60195e+000  1.59167e+002
           806  8.06000e+002 -3.60310e+000  1.59333e+002
           807  8.07000e+002 -3.60428e+000  1.59500e+002
           808  8.08000e+002 -3.60534e+000  1.59667e+002
           809  8.09000e+002 -3.60643e+000  1.59833e+002
           810  8.10000e+002 -3.60748e+000  1.60000e+002
           811  8.11000e+002 -3.60846e+000  1.60167e+002
           812  8.12000e+002 -3.60959e+000  1.60333e+002
           813  8.13000e+002 -3.61081e+000  1.60500e+002
           814  8.14000e+002 -3.61208e+000  1.60667e+002
           815  8.15000e+002 -3.61336e+000  1.60833e+002
           816  8.16000e+002 -3.61472e+000  1.61000e+002
           817  8.17000e+002 -3.61603e+000  1.61167e+002
           818  8.18000e+002 -3.61733e+000  1.61333e+002
           819  8.19000e+002 -3.61864e+000  1.61500e+002
           820  8.20000e+002 -3.62007e+000  1.61667e+002
           821  8.21000e+002 -3.62147e+000  1.61833e+002
           822  8.22000e+002 -3.62283e+000  1.62000e+002
           823  8.23000e+002 -3.62418e+000  1.62167e+002
           824  8.24000e+002 -3.62564e+000  1.62333e+002
           825  8.25000e+002 -3.62698e+000  1.62500e+002
           826  8.26000e+002 -3.62821e+000  1.62667e+002
           827  8.27000e+002 -3.62942e+000  1.62833e+002
           828  8.28000e+002 -3.63055e+000  1.63000e+002
           829  8.29000e+002 -3.63174e+000  1.63167e+002
           830  8.30000e+002 -3.63296e+000  1.63333e+002
           831  8.31000e+002 -3.63426e+000  1.63500e+002
           832  8.32000e+002 -3.63566e+000  1.63667e+002
           833  8.33000e+002 -3.63705e+000  1.63833e+002
           834  8.34000e+002 -3.63846e+000  1.64000e+002
           835  8.35000e+002 -3.63992e+000  1.64167e+002
           836  8.36000e+002 -3.64163e+000  1.64333e+002
           837  8.37000e+002 -3.64331e+000  1.64500e+002
           838  8.38000e+002 -3.64498e+000  1.64667e+002
           839  8.39000e+002 -3.64665e+000  1.64833e+002
           840  8.40000e+002 -3.64842e+000  1.65000e+002
           841  8.41000e+002 -3.65010e+000  1.65167e+002
           842  8.42000e+002 -3.65172e+000  1.65333e+002
           843  8.43000e+002 -3.65330e+000  1.65500e+002
           844  8.44000e+002 -3.65470e+000  1.65667e+002
           845  8.45000e+002 -3.65612e+000  1.65833e+002
           846  8.46000e+002 -3.65754e+000  1.66000e+002
           847  8.47000e+002 -3.65898e+000  1.66167e+002
           848  8.48000e+002 -3.66040e+000  1.66333e+002
           849  8.49000e+002 -3.66196e+000  1.66500e+002
           850  8.50000e+002 -3.66361e+000  1.66667e+002
           851  8.51000e+002 -3.66532e+000  1.66833e+002
           852  8.52000e+002 -3.66741e+000  1.67000e+002
           853  8.53000e+002 -3.66936e+000  1.67167e+002
           854  8.54000e+002 -3.67122e+000  1.67333e+002
           855  8.55000e+002 -3.67305e+000  1.67500e+002
           856  8.56000e+002 -3.67498e+000  1.67667e+002
           857  8.57000e+002 -3.67684e+000  1.67833e+002
           858  8.58000e+002 -3.67869e+000  1.68000e+002
           859  8.59000e+002 -3.68056e+000  1.68167e+002
           860  8.60000e+002 -3.68218e+000  1.68333e+002
           861  8.61000e+002 -3.68380e+000  1.68500e+002
           862  8.62000e+002 -3.68545e+000  1.68667e+002
           863  8.63000e+002 -3.68713e+000  1.68833e+002
           864  8.64000e+002 -3.68874e+000  1.69000e+002
           865  8.65000e+002 -3.69041e+000  1.69167e+002
           866  8.66000e+002 -3.69208e+000  1.69333e+002
           867  8.67000e+002 -3.69372e+000  1.69500e+002
           868  8.68000e+002 -3.69558e+000  1.69667e+002
           869  8.69000e+002 -3.69744e+000  1.69833e+002
           870  8.70000e+002 -3.69925e+000  1.70000e+002
           871  8.71000e+002 -3.70105e+000  1.70167e+002
           872  8.72000e+002 -3.70286e+000  1.70333e+002
           873  8.73000e+002 -3.70459e+000  1.70500e+002
           874  8.74000e+002 -3.70633e+000  1.70667e+002
           875  8.75000e+002 -3.70812e+000  1.70833e+002
           876  8.76000e+002 -3.70987e+000  1.71000e+002
           877  8.77000e+002 -3.71163e+000  1.71167e+002
           878  8.78000e+002 -3.71336e+000  1.71333e+002
           879  8.79000e+002 -3.71507e+000  1.71500e+002
           880  8.80000e+002 -3.71686e+000  1.71667e+002
           881  8.81000e+002 -3.71858e+000  1.71833e+002
           882  8.82000e+002 -3.72036e+000  1.72000e+002
           883  8.83000e+002 -3.72218e+000  1.72167e+002
           884  8.84000e+002 -3.72397e+000  1.72333e+002
           885  8.85000e+002 -3.72577e+000  1.72500e+002
           886  8.86000e+002 -3.72753e+000  1.72667e+002
           887  8.87000e+002 -3.72926e+000  1.72833e+002
           888  8.88000e+002 -3.73099e+000  1.73000e+002
           889  8.89000e+002 -3.73261e+000  1.73167e+002
           890  8.90000e+002 -3.73411e+000  1.73333e+002
           891  8.91000e+002 -3.73553e+000  1.73500e+002
           892  8.92000e+002 -3.73685e+000  1.73667e+002
           893  8.93000e+002 -3.73833e+000  1.73833e+002
           894  8.94000e+002 -3.73984e+000  1.74000e+002
           895  8.95000e+002 -3.74137e+000  1.74167e+002
           896  8.96000e+002 -3.74308e+000  1.74333e+002
           897  8.97000e+002 -3.74478e+000  1.74500e+002
           898  8.98000e+002 -3.74647e+000  1.74667e+002
           899  8.99000e+002 -3.74814e+000  1.74833e+002
           900  9.00000e+002 -3.74989e+000  1.75000e+002
           901  9.01000e+002 -3.75164e+000  1.75167e+002
           902  9.02000e+002 -3.75344e+000  1.75333e+002
           903  9.03000e+002 -3.75533e+000  1.75500e+002
           904  9.04000e+002 -3.75731e+000  1.75667e+002
           905  9.05000e+002 -3.75934e+000  1.75833e+002
           906  9.06000e+002 -3.76138e+000  1.76000e+002
           907  9.07000e+002 -3.76339e+000  1.76167e+002
           908  9.08000e+002 -3.76548e+000  1.76333e+002
           909  9.09000e+002 -3.76745e+000  1.76500e+002
           910  9.10000e+002 -3.76939e+000  1.76667e+002
           911  9.11000e+002 -3.77130e+000  1.76833e+002
           912  9.12000e+002 -3.77286e+000  1.77000e+002
           913  9.13000e+002 -3.77449e+000  1.77167e+002
           914  9.14000e+002 -3.77617e+000  1.77333e+002
           915  9.15000e+002 -3.77781e+000  1.77500e+002
           916  9.16000e+002 -3.77897e+000  1.77667e+002
           917  9.17000e+002 -3.77536e+000  1.77833e+002
           918  9.18000e+002 -3.74541e+000  1.78000e+002
           919  9.19000e+002 -3.68164e+000  1.78167e+002
           920  9.20000e+002 -3.67400e+000  1.78333e+002
           921  9.21000e+002 -3.68206e+000  1.78500e+002
           922  9.22000e+002 -3.69367e+000  1.78667e+002
           923  9.23000e+002 -3.70564e+000  1.78833e+002
           924  9.24000e+002 -3.71500e+000  1.79000e+002
           925  9.25000e+002 -3.72310e+000  1.79167e+002
           926  9.26000e+002 -3.72942e+000  1.79333e+002
           927  9.27000e+002 -3.73441e+000  1.79500e+002
           928  9.28000e+002 -3.73808e+000  1.79667e+002
           929  9.29000e+002 -3.74194e+000  1.79833e+002
           930  9.30000e+002 -3.74577e+000  1.80000e+002
           931  9.31000e+002 -3.74943e+000  1.80167e+002
           932  9.32000e+002 -3.75240e+000  1.80333e+002
           933  9.33000e+002 -3.75553e+000  1.80500e+002
           934  9.34000e+002 -3.75855e+000  1.80667e+002
           935  9.35000e+002 -3.76144e+000  1.80833e+002
           936  9.36000e+002 -3.76369e+000  1.81000e+002
           937  9.37000e+002 -3.76608e+000  1.81167e+002
           938  9.38000e+002 -3.76841e+000  1.81333e+002
           939  9.39000e+002 -3.77039e+000  1.81500e+002
           940  9.40000e+002 -3.77148e+000  1.81667e+002
           941  9.41000e+002 -3.77305e+000  1.81833e+002
           942  9.42000e+002 -3.77473e+000  1.82000e+002
           943  9.43000e+002 -3.77645e+000  1.82167e+002
           944  9.44000e+002 -3.77820e+000  1.82333e+002
           945  9.45000e+002 -3.77998e+000  1.82500e+002
           946  9.46000e+002 -3.78180e+000  1.82667e+002
           947  9.47000e+002 -3.78376e+000  1.82833e+002
           948  9.48000e+002 -3.78584e+000  1.83000e+002
           949  9.49000e+002 -3.78409e+000  1.83167e+002
           950  9.50000e+002 -3.77193e+000  1.83333e+002
           951  9.51000e+002 -3.75354e+000  1.83500e+002
           952  9.52000e+002 -3.75710e+000  1.83667e+002
           953  9.53000e+002 -3.76308e+000  1.83833e+002
           954  9.54000e+002 -3.76860e+000  1.84000e+002
           955  9.55000e+002 -3.77415e+000  1.84167e+002
           956  9.56000e+002 -3.77887e+000  1.84333e+002
           957  9.57000e+002 -3.78250e+000  1.84500e+002
           958  9.58000e+002 -3.78534e+000  1.84667e+002
           959  9.59000e+002 -3.78824e+000  1.84833e+002
           960  9.60000e+002 -3.79107e+000  1.85000e+002
           961  9.61000e+002 -3.79389e+000  1.85167e+002
           962  9.62000e+002 -3.79661e+000  1.85333e+002
           963  9.63000e+002 -3.79928e+000  1.85500e+002
           964  9.64000e+002 -3.80166e+000  1.85667e+002
           965  9.65000e+002 -3.80420e+000  1.85833e+002
           966  9.66000e+002 -3.80675e+000  1.86000e+002
           967  9.67000e+002 -3.80925e+000  1.86167e+002
           968  9.68000e+002 -3.81160e+000  1.86333e+002
           969  9.69000e+002 -3.81407e+000  1.86500e+002
           970  9.70000e+002 -3.81659e+000  1.86667e+002
           971  9.71000e+002 -3.81911e+000  1.86833e+002
           972  9.72000e+002 -3.82176e+000  1.87000e+002
           973  9.73000e+002 -3.82440e+000  1.87167e+002
           974  9.74000e+002 -3.82700e+000  1.87333e+002
           975  9.75000e+002 -3.82953e+000  1.87500e+002
           976  9.76000e+002 -3.83202e+000  1.87667e+002
           977  9.77000e+002 -3.83445e+000  1.87833e+002
           978  9.78000e+002 -3.83683e+000  1.88000e+002
           979  9.79000e+002 -3.83917e+000  1.88167e+002
           980  9.80000e+002 -3.84145e+000  1.88333e+002
           981  9.81000e+002 -3.84389e+000  1.88500e+002
           982  9.82000e+002 -3.84636e+000  1.88667e+002
           983  9.83000e+002 -3.84882e+000  1.88833e+002
           984  9.84000e+002 -3.85142e+000  1.89000e+002
           985  9.85000e+002 -3.85388e+000  1.89167e+002
           986  9.86000e+002 -3.85635e+000  1.89333e+002
           987  9.87000e+002 -3.85882e+000  1.89500e+002
           988  9.88000e+002 -3.86111e+000  1.89667e+002
           989  9.89000e+002 -3.86343e+000  1.89833e+002
           990  9.90000e+002 -3.86573e+000  1.90000e+002
           991  9.91000e+002 -3.86803e+000  1.90167e+002
           992  9.92000e+002 -3.87038e+000  1.90333e+002
           993  9.93000e+002 -3.87277e+000  1.90500e+002
           994  9.94000e+002 -3.87517e+000  1.90667e+002
           995  9.95000e+002 -3.87757e+000  1.90833e+002
           996  9.96000e+002 -3.88011e+000  1.91000e+002
           997  9.97000e+002 -3.88252e+000  1.91167e+002
           998  9.98000e+002 -3.88491e+000  1.91333e+002
           999  9.99000e+002 -3.88738e+000  1.91500e+002
          1000  1.00000e+003 -3.88978e+000  1.91667e+002
          1001  1.00100e+003 -3.89221e+000  1.91833e+002
          1002  1.00200e+003 -3.89470e+000  1.92000e+002
          1003  1.00300e+003 -3.89719e+000  1.92167e+002
          1004  1.00400e+003 -3.89975e+000  1.92333e+002
          1005  1.00500e+003 -3.90233e+000  1.92500e+002
          1006  1.00600e+003 -3.90495e+000  1.92667e+002
          1007  1.00700e+003 -3.90762e+000  1.92833e+002
          1008  1.00800e+003 -3.91052e+000  1.93000e+002
          1009  1.00900e+003 -3.91339e+000  1.93167e+002
          1010  1.01000e+003 -3.91632e+000  1.93333e+002
          1011  1.01100e+003 -3.91933e+000  1.93500e+002
          1012  1.01200e+003 -3.92255e+000  1.93667e+002
          1013  1.01300e+003 -3.92563e+000  1.93833e+002
          1014  1.01400e+003 -3.92867e+000  1.94000e+002
          1015  1.01500e+003 -3.93170e+000  1.94167e+002
          1016  1.01600e+003 -3.93491e+000  1.94333e+002
          1017  1.01700e+003 -3.93821e+000  1.94500e+002
          1018  1.01800e+003 -3.94161e+000  1.94667e+002
          1019  1.01900e+003 -3.94509e+000  1.94833e+002
          1020  1.02000e+003 -3.94902e+000  1.95000e+002
          1021  1.02100e+003 -3.95284e+000  1.95167e+002
          1022  1.02200e+003 -3.95664e+000  1.95333e+002
          1023  1.02300e+003 -3.96044e+000  1.95500e+002
          1024  1.02400e+003 -3.96448e+000  1.95667e+002
          1025  1.02500e+003 -3.96842e+000  1.95833e+002
          1026  1.02600e+003 -3.97233e+000  1.96000e+002
          1027  1.02700e+003 -3.97623e+000  1.96167e+002
          1028  1.02800e+003 -3.98005e+000  1.96333e+002
          1029  1.02900e+003 -3.98398e+000  1.96500e+002
          1030  1.03000e+003 -3.98798e+000  1.96667e+002
          1031  1.03100e+003 -3.99199e+000  1.96833e+002
          1032  1.03200e+003 -3.99608e+000  1.97000e+002
          1033  1.03300e+003 -4.00016e+000  1.97167e+002
          1034  1.03400e+003 -4.00423e+000  1.97333e+002
          1035  1.03500e+003 -4.00833e+000  1.97500e+002
          1036  1.03600e+003 -4.01262e+000  1.97667e+002
          1037  1.03700e+003 -4.01687e+000  1.97833e+002
          1038  1.03800e+003 -4.02110e+000  1.98000e+002
          1039  1.03900e+003 -4.02536e+000  1.98167e+002
          1040  1.04000e+003 -4.02994e+000  1.98333e+002
          1041  1.04100e+003 -4.02769e+000  1.98500e+002
          1042  1.04200e+003 -3.90803e+000  1.98667e+002
          1043  1.04300e+003 -3.58024e+000  1.98833e+002
          1044  1.04400e+003 -2.39013e+000  1.99000e+002
          1045  1.04500e+003 -1.22040e+000  1.99167e+002
          1046  1.04600e+003 -3.80735e-001  1.99333e+002
          1047  1.04700e+003  1.70034e-001  1.99500e+002
          1048  1.04800e+003  2.37937e-001  1.99667e+002
          1049  1.04900e+003  2.35195e-001  1.99833e+002
&]1[HS01
