         Index             t            HF            Tr
           [#]           [s]          [mW]          [°C]
             0  0.00000e+000 -1.33574e+000  2.50000e+001
             1  1.00000e+000 -1.58504e+000  2.51667e+001
             2  2.00000e+000 -1.74457e+000  2.53333e+001
             3  3.00000e+000 -1.82422e+000  2.55000e+001
             4  4.00000e+000 -1.82057e+000  2.56667e+001
             5  5.00000e+000 -1.81912e+000  2.58333e+001
             6  6.00000e+000 -1.82646e+000  2.60000e+001
             7  7.00000e+000 -1.84130e+000  2.61667e+001
             8  8.00000e+000 -1.87267e+000  2.63333e+001
             9  9.00000e+000 -1.90783e+000  2.65000e+001
            10  1.00000e+001 -1.94451e+000  2.66667e+001
            11  1.10000e+001 -1.98147e+000  2.68333e+001
            12  1.20000e+001 -2.01727e+000  2.70000e+001
            13  1.30000e+001 -2.04961e+000  2.71667e+001
            14  1.40000e+001 -2.08005e+000  2.73333e+001
            15  1.50000e+001 -2.10944e+000  2.75000e+001
            16  1.60000e+001 -2.13160e+000  2.76667e+001
            17  1.70000e+001 -2.15180e+000  2.78333e+001
            18  1.80000e+001 -2.16944e+000  2.80000e+001
            19  1.90000e+001 -2.18529e+000  2.81667e+001
            20  2.00000e+001 -2.19721e+000  2.83333e+001
            21  2.10000e+001 -2.20776e+000  2.85000e+001
            22  2.20000e+001 -2.21734e+000  2.86667e+001
            23  2.30000e+001 -2.22666e+000  2.88333e+001
            24  2.40000e+001 -2.23186e+000  2.90000e+001
            25  2.50000e+001 -2.23650e+000  2.91667e+001
            26  2.60000e+001 -2.24062e+000  2.93333e+001
            27  2.70000e+001 -2.24460e+000  2.95000e+001
            28  2.80000e+001 -2.24767e+000  2.96667e+001
            29  2.90000e+001 -2.25070e+000  2.98333e+001
            30  3.00000e+001 -2.25374e+000  3.00000e+001
            31  3.10000e+001 -2.25687e+000  3.01667e+001
            32  3.20000e+001 -2.25920e+000  3.03333e+001
            33  3.30000e+001 -2.26108e+000  3.05000e+001
            34  3.40000e+001 -2.26262e+000  3.06667e+001
            35  3.50000e+001 -2.26435e+000  3.08333e+001
            36  3.60000e+001 -2.26575e+000  3.10000e+001
            37  3.70000e+001 -2.26724e+000  3.11667e+001
            38  3.80000e+001 -2.26881e+000  3.13333e+001
            39  3.90000e+001 -2.27037e+000  3.15000e+001
            40  4.00000e+001 -2.27167e+000  3.16667e+001
            41  4.10000e+001 -2.27302e+000  3.18333e+001
            42  4.20000e+001 -2.27433e+000  3.20000e+001
            43  4.30000e+001 -2.27552e+000  3.21667e+001
            44  4.40000e+001 -2.27647e+000  3.23333e+001
            45  4.50000e+001 -2.27759e+000  3.25000e+001
            46  4.60000e+001 -2.27871e+000  3.26667e+001
            47  4.70000e+001 -2.27978e+000  3.28333e+001
            48  4.80000e+001 -2.28094e+000  3.30000e+001
            49  4.90000e+001 -2.28218e+000  3.31667e+001
            50  5.00000e+001 -2.28343e+000  3.33333e+001
            51  5.10000e+001 -2.28474e+000  3.35000e+001
            52  5.20000e+001 -2.28622e+000  3.36667e+001
            53  5.30000e+001 -2.28757e+000  3.38333e+001
            54  5.40000e+001 -2.28892e+000  3.40000e+001
            55  5.50000e+001 -2.29030e+000  3.41667e+001
            56  5.60000e+001 -2.29168e+000  3.43333e+001
            57  5.70000e+001 -2.29313e+000  3.45000e+001
            58  5.80000e+001 -2.29466e+000  3.46667e+001
            59  5.90000e+001 -2.29624e+000  3.48333e+001
            60  6.00000e+001 -2.29806e+000  3.50000e+001
            61  6.10000e+001 -2.29979e+000  3.51667e+001
            62  6.20000e+001 -2.30155e+000  3.53333e+001
            63  6.30000e+001 -2.30331e+000  3.55000e+001
            64  6.40000e+001 -2.30508e+000  3.56667e+001
            65  6.50000e+001 -2.30689e+000  3.58333e+001
            66  6.60000e+001 -2.30872e+000  3.60000e+001
            67  6.70000e+001 -2.31049e+000  3.61667e+001
            68  6.80000e+001 -2.31216e+000  3.63333e+001
            69  6.90000e+001 -2.31385e+000  3.65000e+001
            70  7.00000e+001 -2.31548e+000  3.66667e+001
            71  7.10000e+001 -2.31714e+000  3.68333e+001
            72  7.20000e+001 -2.31862e+000  3.70000e+001
            73  7.30000e+001 -2.32013e+000  3.71667e+001
            74  7.40000e+001 -2.32171e+000  3.73333e+001
            75  7.50000e+001 -2.32326e+000  3.75000e+001
            76  7.60000e+001 -2.32467e+000  3.76667e+001
            77  7.70000e+001 -2.32611e+000  3.78333e+001
            78  7.80000e+001 -2.32762e+000  3.80000e+001
            79  7.90000e+001 -2.32918e+000  3.81667e+001
            80  8.00000e+001 -2.33093e+000  3.83333e+001
            81  8.10000e+001 -2.33264e+000  3.85000e+001
            82  8.20000e+001 -2.33439e+000  3.86667e+001
            83  8.30000e+001 -2.33614e+000  3.88333e+001
            84  8.40000e+001 -2.33797e+000  3.90000e+001
            85  8.50000e+001 -2.33969e+000  3.91667e+001
            86  8.60000e+001 -2.34146e+000  3.93333e+001
            87  8.70000e+001 -2.34330e+000  3.95000e+001
            88  8.80000e+001 -2.34511e+000  3.96667e+001
            89  8.90000e+001 -2.34700e+000  3.98333e+001
            90  9.00000e+001 -2.34895e+000  4.00000e+001
            91  9.10000e+001 -2.35092e+000  4.01667e+001
            92  9.20000e+001 -2.35305e+000  4.03333e+001
            93  9.30000e+001 -2.35502e+000  4.05000e+001
            94  9.40000e+001 -2.35693e+000  4.06667e+001
            95  9.50000e+001 -2.35881e+000  4.08333e+001
            96  9.60000e+001 -2.36062e+000  4.10000e+001
            97  9.70000e+001 -2.36252e+000  4.11667e+001
            98  9.80000e+001 -2.36446e+000  4.13333e+001
            99  9.90000e+001 -2.36649e+000  4.15000e+001
           100  1.00000e+002 -2.36878e+000  4.16667e+001
           101  1.01000e+002 -2.37096e+000  4.18333e+001
           102  1.02000e+002 -2.37311e+000  4.20000e+001
           103  1.03000e+002 -2.37525e+000  4.21667e+001
           104  1.04000e+002 -2.37745e+000  4.23333e+001
           105  1.05000e+002 -2.37962e+000  4.25000e+001
           106  1.06000e+002 -2.38182e+000  4.26667e+001
           107  1.07000e+002 -2.38402e+000  4.28333e+001
           108  1.08000e+002 -2.38612e+000  4.30000e+001
           109  1.09000e+002 -2.38826e+000  4.31667e+001
           110  1.10000e+002 -2.39040e+000  4.33333e+001
           111  1.11000e+002 -2.39251e+000  4.35000e+001
           112  1.12000e+002 -2.39465e+000  4.36667e+001
           113  1.13000e+002 -2.39680e+000  4.38333e+001
           114  1.14000e+002 -2.39905e+000  4.40000e+001
           115  1.15000e+002 -2.40140e+000  4.41667e+001
           116  1.16000e+002 -2.40392e+000  4.43333e+001
           117  1.17000e+002 -2.40643e+000  4.45000e+001
           118  1.18000e+002 -2.40901e+000  4.46667e+001
           119  1.19000e+002 -2.41162e+000  4.48333e+001
           120  1.20000e+002 -2.41458e+000  4.50000e+001
           121  1.21000e+002 -2.41733e+000  4.51667e+001
           122  1.22000e+002 -2.41999e+000  4.53333e+001
           123  1.23000e+002 -2.42259e+000  4.55000e+001
           124  1.24000e+002 -2.42523e+000  4.56667e+001
           125  1.25000e+002 -2.42784e+000  4.58333e+001
           126  1.26000e+002 -2.43036e+000  4.60000e+001
           127  1.27000e+002 -2.43285e+000  4.61667e+001
           128  1.28000e+002 -2.43538e+000  4.63333e+001
           129  1.29000e+002 -2.43803e+000  4.65000e+001
           130  1.30000e+002 -2.44075e+000  4.66667e+001
           131  1.31000e+002 -2.44351e+000  4.68333e+001
           132  1.32000e+002 -2.44632e+000  4.70000e+001
           133  1.33000e+002 -2.44905e+000  4.71667e+001
           134  1.34000e+002 -2.45183e+000  4.73333e+001
           135  1.35000e+002 -2.45461e+000  4.75000e+001
           136  1.36000e+002 -2.45737e+000  4.76667e+001
           137  1.37000e+002 -2.46022e+000  4.78333e+001
           138  1.38000e+002 -2.46314e+000  4.80000e+001
           139  1.39000e+002 -2.46609e+000  4.81667e+001
           140  1.40000e+002 -2.46914e+000  4.83333e+001
           141  1.41000e+002 -2.47209e+000  4.85000e+001
           142  1.42000e+002 -2.47500e+000  4.86667e+001
           143  1.43000e+002 -2.47793e+000  4.88333e+001
           144  1.44000e+002 -2.48080e+000  4.90000e+001
           145  1.45000e+002 -2.48367e+000  4.91667e+001
           146  1.46000e+002 -2.48658e+000  4.93333e+001
           147  1.47000e+002 -2.48954e+000  4.95000e+001
           148  1.48000e+002 -2.49251e+000  4.96667e+001
           149  1.49000e+002 -2.49546e+000  4.98333e+001
           150  1.50000e+002 -2.49842e+000  5.00000e+001
           151  1.51000e+002 -2.50136e+000  5.01667e+001
           152  1.52000e+002 -2.50429e+000  5.03333e+001
           153  1.53000e+002 -2.50718e+000  5.05000e+001
           154  1.54000e+002 -2.51018e+000  5.06667e+001
           155  1.55000e+002 -2.51322e+000  5.08333e+001
           156  1.56000e+002 -2.51619e+000  5.10000e+001
           157  1.57000e+002 -2.51911e+000  5.11667e+001
           158  1.58000e+002 -2.52197e+000  5.13333e+001
           159  1.59000e+002 -2.52479e+000  5.15000e+001
           160  1.60000e+002 -2.52782e+000  5.16667e+001
           161  1.61000e+002 -2.53091e+000  5.18333e+001
           162  1.62000e+002 -2.53398e+000  5.20000e+001
           163  1.63000e+002 -2.53705e+000  5.21667e+001
           164  1.64000e+002 -2.54036e+000  5.23333e+001
           165  1.65000e+002 -2.54350e+000  5.25000e+001
           166  1.66000e+002 -2.54661e+000  5.26667e+001
           167  1.67000e+002 -2.54968e+000  5.28333e+001
           168  1.68000e+002 -2.55273e+000  5.30000e+001
           169  1.69000e+002 -2.55580e+000  5.31667e+001
           170  1.70000e+002 -2.55894e+000  5.33333e+001
           171  1.71000e+002 -2.56211e+000  5.35000e+001
           172  1.72000e+002 -2.56541e+000  5.36667e+001
           173  1.73000e+002 -2.56864e+000  5.38333e+001
           174  1.74000e+002 -2.57190e+000  5.40000e+001
           175  1.75000e+002 -2.57519e+000  5.41667e+001
           176  1.76000e+002 -2.57849e+000  5.43333e+001
           177  1.77000e+002 -2.58171e+000  5.45000e+001
           178  1.78000e+002 -2.58495e+000  5.46667e+001
           179  1.79000e+002 -2.58818e+000  5.48333e+001
           180  1.80000e+002 -2.59130e+000  5.50000e+001
           181  1.81000e+002 -2.59443e+000  5.51667e+001
           182  1.82000e+002 -2.59748e+000  5.53333e+001
           183  1.83000e+002 -2.60047e+000  5.55000e+001
           184  1.84000e+002 -2.60347e+000  5.56667e+001
           185  1.85000e+002 -2.60648e+000  5.58333e+001
           186  1.86000e+002 -2.60946e+000  5.60000e+001
           187  1.87000e+002 -2.61246e+000  5.61667e+001
           188  1.88000e+002 -2.61574e+000  5.63333e+001
           189  1.89000e+002 -2.61905e+000  5.65000e+001
           190  1.90000e+002 -2.62231e+000  5.66667e+001
           191  1.91000e+002 -2.62561e+000  5.68333e+001
           192  1.92000e+002 -2.62927e+000  5.70000e+001
           193  1.93000e+002 -2.63276e+000  5.71667e+001
           194  1.94000e+002 -2.63621e+000  5.73333e+001
           195  1.95000e+002 -2.63965e+000  5.75000e+001
           196  1.96000e+002 -2.64303e+000  5.76667e+001
           197  1.97000e+002 -2.64641e+000  5.78333e+001
           198  1.98000e+002 -2.64978e+000  5.80000e+001
           199  1.99000e+002 -2.65315e+000  5.81667e+001
           200  2.00000e+002 -2.65636e+000  5.83333e+001
           201  2.01000e+002 -2.65946e+000  5.85000e+001
           202  2.02000e+002 -2.66250e+000  5.86667e+001
           203  2.03000e+002 -2.66556e+000  5.88333e+001
           204  2.04000e+002 -2.66831e+000  5.90000e+001
           205  2.05000e+002 -2.67113e+000  5.91667e+001
           206  2.06000e+002 -2.67397e+000  5.93333e+001
           207  2.07000e+002 -2.67679e+000  5.95000e+001
           208  2.08000e+002 -2.67961e+000  5.96667e+001
           209  2.09000e+002 -2.68255e+000  5.98333e+001
           210  2.10000e+002 -2.68555e+000  6.00000e+001
           211  2.11000e+002 -2.68859e+000  6.01667e+001
           212  2.12000e+002 -2.69190e+000  6.03333e+001
           213  2.13000e+002 -2.69512e+000  6.05000e+001
           214  2.14000e+002 -2.69831e+000  6.06667e+001
           215  2.15000e+002 -2.70143e+000  6.08333e+001
           216  2.16000e+002 -2.70468e+000  6.10000e+001
           217  2.17000e+002 -2.70786e+000  6.11667e+001
           218  2.18000e+002 -2.71103e+000  6.13333e+001
           219  2.19000e+002 -2.71420e+000  6.15000e+001
           220  2.20000e+002 -2.71724e+000  6.16667e+001
           221  2.21000e+002 -2.72029e+000  6.18333e+001
           222  2.22000e+002 -2.72334e+000  6.20000e+001
           223  2.23000e+002 -2.72637e+000  6.21667e+001
           224  2.24000e+002 -2.72937e+000  6.23333e+001
           225  2.25000e+002 -2.73251e+000  6.25000e+001
           226  2.26000e+002 -2.73572e+000  6.26667e+001
           227  2.27000e+002 -2.73899e+000  6.28333e+001
           228  2.28000e+002 -2.74235e+000  6.30000e+001
           229  2.29000e+002 -2.74571e+000  6.31667e+001
           230  2.30000e+002 -2.74909e+000  6.33333e+001
           231  2.31000e+002 -2.75250e+000  6.35000e+001
           232  2.32000e+002 -2.75590e+000  6.36667e+001
           233  2.33000e+002 -2.75918e+000  6.38333e+001
           234  2.34000e+002 -2.76238e+000  6.40000e+001
           235  2.35000e+002 -2.76553e+000  6.41667e+001
           236  2.36000e+002 -2.76857e+000  6.43333e+001
           237  2.37000e+002 -2.77166e+000  6.45000e+001
           238  2.38000e+002 -2.77476e+000  6.46667e+001
           239  2.39000e+002 -2.77786e+000  6.48333e+001
           240  2.40000e+002 -2.78098e+000  6.50000e+001
           241  2.41000e+002 -2.78421e+000  6.51667e+001
           242  2.42000e+002 -2.78752e+000  6.53333e+001
           243  2.43000e+002 -2.79088e+000  6.55000e+001
           244  2.44000e+002 -2.79440e+000  6.56667e+001
           245  2.45000e+002 -2.79783e+000  6.58333e+001
           246  2.46000e+002 -2.80130e+000  6.60000e+001
           247  2.47000e+002 -2.80486e+000  6.61667e+001
           248  2.48000e+002 -2.80847e+000  6.63333e+001
           249  2.49000e+002 -2.81203e+000  6.65000e+001
           250  2.50000e+002 -2.81568e+000  6.66667e+001
           251  2.51000e+002 -2.81940e+000  6.68333e+001
           252  2.52000e+002 -2.82319e+000  6.70000e+001
           253  2.53000e+002 -2.82703e+000  6.71667e+001
           254  2.54000e+002 -2.83087e+000  6.73333e+001
           255  2.55000e+002 -2.83468e+000  6.75000e+001
           256  2.56000e+002 -2.83866e+000  6.76667e+001
           257  2.57000e+002 -2.84257e+000  6.78333e+001
           258  2.58000e+002 -2.84641e+000  6.80000e+001
           259  2.59000e+002 -2.85021e+000  6.81667e+001
           260  2.60000e+002 -2.85406e+000  6.83333e+001
           261  2.61000e+002 -2.85784e+000  6.85000e+001
           262  2.62000e+002 -2.86157e+000  6.86667e+001
           263  2.63000e+002 -2.86527e+000  6.88333e+001
           264  2.64000e+002 -2.86891e+000  6.90000e+001
           265  2.65000e+002 -2.87261e+000  6.91667e+001
           266  2.66000e+002 -2.87634e+000  6.93333e+001
           267  2.67000e+002 -2.88010e+000  6.95000e+001
           268  2.68000e+002 -2.88389e+000  6.96667e+001
           269  2.69000e+002 -2.88774e+000  6.98333e+001
           270  2.70000e+002 -2.89164e+000  7.00000e+001
           271  2.71000e+002 -2.89560e+000  7.01667e+001
           272  2.72000e+002 -2.89970e+000  7.03333e+001
           273  2.73000e+002 -2.90376e+000  7.05000e+001
           274  2.74000e+002 -2.90780e+000  7.06667e+001
           275  2.75000e+002 -2.91186e+000  7.08333e+001
           276  2.76000e+002 -2.91606e+000  7.10000e+001
           277  2.77000e+002 -2.92027e+000  7.11667e+001
           278  2.78000e+002 -2.92449e+000  7.13333e+001
           279  2.79000e+002 -2.92865e+000  7.15000e+001
           280  2.80000e+002 -2.93278e+000  7.16667e+001
           281  2.81000e+002 -2.93682e+000  7.18333e+001
           282  2.82000e+002 -2.94086e+000  7.20000e+001
           283  2.83000e+002 -2.94492e+000  7.21667e+001
           284  2.84000e+002 -2.94879e+000  7.23333e+001
           285  2.85000e+002 -2.95275e+000  7.25000e+001
           286  2.86000e+002 -2.95677e+000  7.26667e+001
           287  2.87000e+002 -2.96083e+000  7.28333e+001
           288  2.88000e+002 -2.96484e+000  7.30000e+001
           289  2.89000e+002 -2.96872e+000  7.31667e+001
           290  2.90000e+002 -2.97255e+000  7.33333e+001
           291  2.91000e+002 -2.97635e+000  7.35000e+001
           292  2.92000e+002 -2.98007e+000  7.36667e+001
           293  2.93000e+002 -2.98396e+000  7.38333e+001
           294  2.94000e+002 -2.98785e+000  7.40000e+001
           295  2.95000e+002 -2.99177e+000  7.41667e+001
           296  2.96000e+002 -2.99584e+000  7.43333e+001
           297  2.97000e+002 -2.99971e+000  7.45000e+001
           298  2.98000e+002 -3.00345e+000  7.46667e+001
           299  2.99000e+002 -3.00719e+000  7.48333e+001
           300  3.00000e+002 -3.01086e+000  7.50000e+001
           301  3.01000e+002 -3.01454e+000  7.51667e+001
           302  3.02000e+002 -3.01819e+000  7.53333e+001
           303  3.03000e+002 -3.02180e+000  7.55000e+001
           304  3.04000e+002 -3.02540e+000  7.56667e+001
           305  3.05000e+002 -3.02894e+000  7.58333e+001
           306  3.06000e+002 -3.03244e+000  7.60000e+001
           307  3.07000e+002 -3.03594e+000  7.61667e+001
           308  3.08000e+002 -3.03946e+000  7.63333e+001
           309  3.09000e+002 -3.04298e+000  7.65000e+001
           310  3.10000e+002 -3.04650e+000  7.66667e+001
           311  3.11000e+002 -3.05007e+000  7.68333e+001
           312  3.12000e+002 -3.05360e+000  7.70000e+001
           313  3.13000e+002 -3.05710e+000  7.71667e+001
           314  3.14000e+002 -3.06058e+000  7.73333e+001
           315  3.15000e+002 -3.06401e+000  7.75000e+001
           316  3.16000e+002 -3.06735e+000  7.76667e+001
           317  3.17000e+002 -3.07080e+000  7.78333e+001
           318  3.18000e+002 -3.07428e+000  7.80000e+001
           319  3.19000e+002 -3.07778e+000  7.81667e+001
           320  3.20000e+002 -3.08131e+000  7.83333e+001
           321  3.21000e+002 -3.08476e+000  7.85000e+001
           322  3.22000e+002 -3.08819e+000  7.86667e+001
           323  3.23000e+002 -3.09165e+000  7.88333e+001
           324  3.24000e+002 -3.09521e+000  7.90000e+001
           325  3.25000e+002 -3.09875e+000  7.91667e+001
           326  3.26000e+002 -3.10228e+000  7.93333e+001
           327  3.27000e+002 -3.10579e+000  7.95000e+001
           328  3.28000e+002 -3.10940e+000  7.96667e+001
           329  3.29000e+002 -3.11299e+000  7.98333e+001
           330  3.30000e+002 -3.11652e+000  8.00000e+001
           331  3.31000e+002 -3.11996e+000  8.01667e+001
           332  3.32000e+002 -3.12361e+000  8.03333e+001
           333  3.33000e+002 -3.12879e+000  8.05000e+001
           334  3.34000e+002 -3.13621e+000  8.06667e+001
           335  3.35000e+002 -3.14346e+000  8.08333e+001
           336  3.36000e+002 -3.14804e+000  8.10000e+001
           337  3.37000e+002 -3.15140e+000  8.11667e+001
           338  3.38000e+002 -3.15386e+000  8.13333e+001
           339  3.39000e+002 -3.15669e+000  8.15000e+001
           340  3.40000e+002 -3.15967e+000  8.16667e+001
           341  3.41000e+002 -3.16260e+000  8.18333e+001
           342  3.42000e+002 -3.16537e+000  8.20000e+001
           343  3.43000e+002 -3.16806e+000  8.21667e+001
           344  3.44000e+002 -3.17075e+000  8.23333e+001
           345  3.45000e+002 -3.17333e+000  8.25000e+001
           346  3.46000e+002 -3.17587e+000  8.26667e+001
           347  3.47000e+002 -3.17847e+000  8.28333e+001
           348  3.48000e+002 -3.18097e+000  8.30000e+001
           349  3.49000e+002 -3.18365e+000  8.31667e+001
           350  3.50000e+002 -3.18636e+000  8.33333e+001
           351  3.51000e+002 -3.18909e+000  8.35000e+001
           352  3.52000e+002 -3.19215e+000  8.36667e+001
           353  3.53000e+002 -3.19505e+000  8.38333e+001
           354  3.54000e+002 -3.19795e+000  8.40000e+001
           355  3.55000e+002 -3.20090e+000  8.41667e+001
           356  3.56000e+002 -3.20389e+000  8.43333e+001
           357  3.57000e+002 -3.20694e+000  8.45000e+001
           358  3.58000e+002 -3.21010e+000  8.46667e+001
           359  3.59000e+002 -3.21336e+000  8.48333e+001
           360  3.60000e+002 -3.21673e+000  8.50000e+001
           361  3.61000e+002 -3.22000e+000  8.51667e+001
           362  3.62000e+002 -3.22333e+000  8.53333e+001
           363  3.63000e+002 -3.22666e+000  8.55000e+001
           364  3.64000e+002 -3.22993e+000  8.56667e+001
           365  3.65000e+002 -3.23312e+000  8.58333e+001
           366  3.66000e+002 -3.23630e+000  8.60000e+001
           367  3.67000e+002 -3.23947e+000  8.61667e+001
           368  3.68000e+002 -3.24241e+000  8.63333e+001
           369  3.69000e+002 -3.24540e+000  8.65000e+001
           370  3.70000e+002 -3.24841e+000  8.66667e+001
           371  3.71000e+002 -3.25135e+000  8.68333e+001
           372  3.72000e+002 -3.25413e+000  8.70000e+001
           373  3.73000e+002 -3.25693e+000  8.71667e+001
           374  3.74000e+002 -3.25959e+000  8.73333e+001
           375  3.75000e+002 -3.26215e+000  8.75000e+001
           376  3.76000e+002 -3.26467e+000  8.76667e+001
           377  3.77000e+002 -3.26724e+000  8.78333e+001
           378  3.78000e+002 -3.26982e+000  8.80000e+001
           379  3.79000e+002 -3.27242e+000  8.81667e+001
           380  3.80000e+002 -3.27499e+000  8.83333e+001
           381  3.81000e+002 -3.27747e+000  8.85000e+001
           382  3.82000e+002 -3.27990e+000  8.86667e+001
           383  3.83000e+002 -3.28236e+000  8.88333e+001
           384  3.84000e+002 -3.28481e+000  8.90000e+001
           385  3.85000e+002 -3.28730e+000  8.91667e+001
           386  3.86000e+002 -3.28979e+000  8.93333e+001
           387  3.87000e+002 -3.29225e+000  8.95000e+001
           388  3.88000e+002 -3.29472e+000  8.96667e+001
           389  3.89000e+002 -3.29704e+000  8.98333e+001
           390  3.90000e+002 -3.29916e+000  9.00000e+001
           391  3.91000e+002 -3.30120e+000  9.01667e+001
           392  3.92000e+002 -3.30287e+000  9.03333e+001
           393  3.93000e+002 -3.30463e+000  9.05000e+001
           394  3.94000e+002 -3.30649e+000  9.06667e+001
           395  3.95000e+002 -3.30846e+000  9.08333e+001
           396  3.96000e+002 -3.31033e+000  9.10000e+001
           397  3.97000e+002 -3.31230e+000  9.11667e+001
           398  3.98000e+002 -3.31423e+000  9.13333e+001
           399  3.99000e+002 -3.31618e+000  9.15000e+001
           400  4.00000e+002 -3.31838e+000  9.16667e+001
           401  4.01000e+002 -3.32036e+000  9.18333e+001
           402  4.02000e+002 -3.32229e+000  9.20000e+001
           403  4.03000e+002 -3.32419e+000  9.21667e+001
           404  4.04000e+002 -3.32601e+000  9.23333e+001
           405  4.05000e+002 -3.32792e+000  9.25000e+001
           406  4.06000e+002 -3.32973e+000  9.26667e+001
           407  4.07000e+002 -3.33128e+000  9.28333e+001
           408  4.08000e+002 -3.33348e+000  9.30000e+001
           409  4.09000e+002 -3.33562e+000  9.31667e+001
           410  4.10000e+002 -3.33650e+000  9.33333e+001
           411  4.11000e+002 -3.33459e+000  9.35000e+001
           412  4.12000e+002 -3.33239e+000  9.36667e+001
           413  4.13000e+002 -3.33398e+000  9.38333e+001
           414  4.14000e+002 -3.33661e+000  9.40000e+001
           415  4.15000e+002 -3.33944e+000  9.41667e+001
           416  4.16000e+002 -3.34210e+000  9.43333e+001
           417  4.17000e+002 -3.34456e+000  9.45000e+001
           418  4.18000e+002 -3.34696e+000  9.46667e+001
           419  4.19000e+002 -3.34933e+000  9.48333e+001
           420  4.20000e+002 -3.35129e+000  9.50000e+001
           421  4.21000e+002 -3.35334e+000  9.51667e+001
           422  4.22000e+002 -3.35535e+000  9.53333e+001
           423  4.23000e+002 -3.35730e+000  9.55000e+001
           424  4.24000e+002 -3.35892e+000  9.56667e+001
           425  4.25000e+002 -3.36051e+000  9.58333e+001
           426  4.26000e+002 -3.36205e+000  9.60000e+001
           427  4.27000e+002 -3.36352e+000  9.61667e+001
           428  4.28000e+002 -3.36479e+000  9.63333e+001
           429  4.29000e+002 -3.36616e+000  9.65000e+001
           430  4.30000e+002 -3.36744e+000  9.66667e+001
           431  4.31000e+002 -3.36866e+000  9.68333e+001
           432  4.32000e+002 -3.36989e+000  9.70000e+001
           433  4.33000e+002 -3.37116e+000  9.71667e+001
           434  4.34000e+002 -3.37248e+000  9.73333e+001
           435  4.35000e+002 -3.37381e+000  9.75000e+001
           436  4.36000e+002 -3.37509e+000  9.76667e+001
           437  4.37000e+002 -3.37622e+000  9.78333e+001
           438  4.38000e+002 -3.37729e+000  9.80000e+001
           439  4.39000e+002 -3.37837e+000  9.81667e+001
           440  4.40000e+002 -3.37931e+000  9.83333e+001
           441  4.41000e+002 -3.38028e+000  9.85000e+001
           442  4.42000e+002 -3.38133e+000  9.86667e+001
           443  4.43000e+002 -3.38242e+000  9.88333e+001
           444  4.44000e+002 -3.38355e+000  9.90000e+001
           445  4.45000e+002 -3.38463e+000  9.91667e+001
           446  4.46000e+002 -3.38569e+000  9.93333e+001
           447  4.47000e+002 -3.38673e+000  9.95000e+001
           448  4.48000e+002 -3.38778e+000  9.96667e+001
           449  4.49000e+002 -3.38878e+000  9.98333e+001
           450  4.50000e+002 -3.38972e+000  1.00000e+002
           451  4.51000e+002 -3.39061e+000  1.00167e+002
           452  4.52000e+002 -3.39122e+000  1.00333e+002
           453  4.53000e+002 -3.39180e+000  1.00500e+002
           454  4.54000e+002 -3.39231e+000  1.00667e+002
           455  4.55000e+002 -3.39280e+000  1.00833e+002
           456  4.56000e+002 -3.39291e+000  1.01000e+002
           457  4.57000e+002 -3.39314e+000  1.01167e+002
           458  4.58000e+002 -3.39341e+000  1.01333e+002
           459  4.59000e+002 -3.39369e+000  1.01500e+002
           460  4.60000e+002 -3.39387e+000  1.01667e+002
           461  4.61000e+002 -3.39415e+000  1.01833e+002
           462  4.62000e+002 -3.39443e+000  1.02000e+002
           463  4.63000e+002 -3.39472e+000  1.02167e+002
           464  4.64000e+002 -3.39506e+000  1.02333e+002
           465  4.65000e+002 -3.39539e+000  1.02500e+002
           466  4.66000e+002 -3.39565e+000  1.02667e+002
           467  4.67000e+002 -3.39584e+000  1.02833e+002
           468  4.68000e+002 -3.39596e+000  1.03000e+002
           469  4.69000e+002 -3.39603e+000  1.03167e+002
           470  4.70000e+002 -3.39606e+000  1.03333e+002
           471  4.71000e+002 -3.39608e+000  1.03500e+002
           472  4.72000e+002 -3.39605e+000  1.03667e+002
           473  4.73000e+002 -3.39607e+000  1.03833e+002
           474  4.74000e+002 -3.39602e+000  1.04000e+002
           475  4.75000e+002 -3.39600e+000  1.04167e+002
           476  4.76000e+002 -3.39593e+000  1.04333e+002
           477  4.77000e+002 -3.39571e+000  1.04500e+002
           478  4.78000e+002 -3.39546e+000  1.04667e+002
           479  4.79000e+002 -3.39517e+000  1.04833e+002
           480  4.80000e+002 -3.39457e+000  1.05000e+002
           481  4.81000e+002 -3.39405e+000  1.05167e+002
           482  4.82000e+002 -3.39350e+000  1.05333e+002
           483  4.83000e+002 -3.39287e+000  1.05500e+002
           484  4.84000e+002 -3.39210e+000  1.05667e+002
           485  4.85000e+002 -3.39142e+000  1.05833e+002
           486  4.86000e+002 -3.39080e+000  1.06000e+002
           487  4.87000e+002 -3.39015e+000  1.06167e+002
           488  4.88000e+002 -3.38939e+000  1.06333e+002
           489  4.89000e+002 -3.38873e+000  1.06500e+002
           490  4.90000e+002 -3.38804e+000  1.06667e+002
           491  4.91000e+002 -3.38731e+000  1.06833e+002
           492  4.92000e+002 -3.38644e+000  1.07000e+002
           493  4.93000e+002 -3.38559e+000  1.07167e+002
           494  4.94000e+002 -3.38476e+000  1.07333e+002
           495  4.95000e+002 -3.38397e+000  1.07500e+002
           496  4.96000e+002 -3.38300e+000  1.07667e+002
           497  4.97000e+002 -3.38211e+000  1.07833e+002
           498  4.98000e+002 -3.38120e+000  1.08000e+002
           499  4.99000e+002 -3.38025e+000  1.08167e+002
           500  5.00000e+002 -3.37928e+000  1.08333e+002
           501  5.01000e+002 -3.37827e+000  1.08500e+002
           502  5.02000e+002 -3.37720e+000  1.08667e+002
           503  5.03000e+002 -3.37602e+000  1.08833e+002
           504  5.04000e+002 -3.37457e+000  1.09000e+002
           505  5.05000e+002 -3.37316e+000  1.09167e+002
           506  5.06000e+002 -3.37173e+000  1.09333e+002
           507  5.07000e+002 -3.37024e+000  1.09500e+002
           508  5.08000e+002 -3.36849e+000  1.09667e+002
           509  5.09000e+002 -3.36700e+000  1.09833e+002
           510  5.10000e+002 -3.36553e+000  1.10000e+002
           511  5.11000e+002 -3.36401e+000  1.10167e+002
           512  5.12000e+002 -3.36241e+000  1.10333e+002
           513  5.13000e+002 -3.36076e+000  1.10500e+002
           514  5.14000e+002 -3.35907e+000  1.10667e+002
           515  5.15000e+002 -3.35732e+000  1.10833e+002
           516  5.16000e+002 -3.35531e+000  1.11000e+002
           517  5.17000e+002 -3.35338e+000  1.11167e+002
           518  5.18000e+002 -3.35145e+000  1.11333e+002
           519  5.19000e+002 -3.34949e+000  1.11500e+002
           520  5.20000e+002 -3.34739e+000  1.11667e+002
           521  5.21000e+002 -3.34529e+000  1.11833e+002
           522  5.22000e+002 -3.34320e+000  1.12000e+002
           523  5.23000e+002 -3.34107e+000  1.12167e+002
           524  5.24000e+002 -3.33883e+000  1.12333e+002
           525  5.25000e+002 -3.33672e+000  1.12500e+002
           526  5.26000e+002 -3.33465e+000  1.12667e+002
           527  5.27000e+002 -3.33259e+000  1.12833e+002
           528  5.28000e+002 -3.33043e+000  1.13000e+002
           529  5.29000e+002 -3.32822e+000  1.13167e+002
           530  5.30000e+002 -3.32596e+000  1.13333e+002
           531  5.31000e+002 -3.32369e+000  1.13500e+002
           532  5.32000e+002 -3.32127e+000  1.13667e+002
           533  5.33000e+002 -3.31887e+000  1.13833e+002
           534  5.34000e+002 -3.31645e+000  1.14000e+002
           535  5.35000e+002 -3.31406e+000  1.14167e+002
           536  5.36000e+002 -3.31169e+000  1.14333e+002
           537  5.37000e+002 -3.30929e+000  1.14500e+002
           538  5.38000e+002 -3.30689e+000  1.14667e+002
           539  5.39000e+002 -3.30448e+000  1.14833e+002
           540  5.40000e+002 -3.30176e+000  1.15000e+002
           541  5.41000e+002 -3.29902e+000  1.15167e+002
           542  5.42000e+002 -3.29624e+000  1.15333e+002
           543  5.43000e+002 -3.29344e+000  1.15500e+002
           544  5.44000e+002 -3.29028e+000  1.15667e+002
           545  5.45000e+002 -3.28735e+000  1.15833e+002
           546  5.46000e+002 -3.28455e+000  1.16000e+002
           547  5.47000e+002 -3.28181e+000  1.16167e+002
           548  5.48000e+002 -3.27902e+000  1.16333e+002
           549  5.49000e+002 -3.27603e+000  1.16500e+002
           550  5.50000e+002 -3.27295e+000  1.16667e+002
           551  5.51000e+002 -3.26983e+000  1.16833e+002
           552  5.52000e+002 -3.26647e+000  1.17000e+002
           553  5.53000e+002 -3.26318e+000  1.17167e+002
           554  5.54000e+002 -3.25985e+000  1.17333e+002
           555  5.55000e+002 -3.25656e+000  1.17500e+002
           556  5.56000e+002 -3.25334e+000  1.17667e+002
           557  5.57000e+002 -3.25018e+000  1.17833e+002
           558  5.58000e+002 -3.24707e+000  1.18000e+002
           559  5.59000e+002 -3.24403e+000  1.18167e+002
           560  5.60000e+002 -3.24092e+000  1.18333e+002
           561  5.61000e+002 -3.23769e+000  1.18500e+002
           562  5.62000e+002 -3.23443e+000  1.18667e+002
           563  5.63000e+002 -3.23112e+000  1.18833e+002
           564  5.64000e+002 -3.22744e+000  1.19000e+002
           565  5.65000e+002 -3.22391e+000  1.19167e+002
           566  5.66000e+002 -3.22030e+000  1.19333e+002
           567  5.67000e+002 -3.21660e+000  1.19500e+002
           568  5.68000e+002 -3.21270e+000  1.19667e+002
           569  5.69000e+002 -3.20889e+000  1.19833e+002
           570  5.70000e+002 -3.20509e+000  1.20000e+002
           571  5.71000e+002 -3.20130e+000  1.20167e+002
           572  5.72000e+002 -3.19733e+000  1.20333e+002
           573  5.73000e+002 -3.19335e+000  1.20500e+002
           574  5.74000e+002 -3.18938e+000  1.20667e+002
           575  5.75000e+002 -3.18542e+000  1.20833e+002
           576  5.76000e+002 -3.18136e+000  1.21000e+002
           577  5.77000e+002 -3.17731e+000  1.21167e+002
           578  5.78000e+002 -3.17318e+000  1.21333e+002
           579  5.79000e+002 -3.16900e+000  1.21500e+002
           580  5.80000e+002 -3.16482e+000  1.21667e+002
           581  5.81000e+002 -3.16062e+000  1.21833e+002
           582  5.82000e+002 -3.15624e+000  1.22000e+002
           583  5.83000e+002 -3.15195e+000  1.22167e+002
           584  5.84000e+002 -3.14831e+000  1.22333e+002
           585  5.85000e+002 -3.14369e+000  1.22500e+002
           586  5.86000e+002 -3.13672e+000  1.22667e+002
           587  5.87000e+002 -3.12935e+000  1.22833e+002
           588  5.88000e+002 -3.12623e+000  1.23000e+002
           589  5.89000e+002 -3.12305e+000  1.23167e+002
           590  5.90000e+002 -3.11980e+000  1.23333e+002
           591  5.91000e+002 -3.11610e+000  1.23500e+002
           592  5.92000e+002 -3.11246e+000  1.23667e+002
           593  5.93000e+002 -3.10876e+000  1.23833e+002
           594  5.94000e+002 -3.10496e+000  1.24000e+002
           595  5.95000e+002 -3.10108e+000  1.24167e+002
           596  5.96000e+002 -3.09663e+000  1.24333e+002
           597  5.97000e+002 -3.09222e+000  1.24500e+002
           598  5.98000e+002 -3.08776e+000  1.24667e+002
           599  5.99000e+002 -3.08327e+000  1.24833e+002
           600  6.00000e+002 -3.07837e+000  1.25000e+002
           601  6.01000e+002 -3.07364e+000  1.25167e+002
           602  6.02000e+002 -3.06898e+000  1.25333e+002
           603  6.03000e+002 -3.06426e+000  1.25500e+002
           604  6.04000e+002 -3.05955e+000  1.25667e+002
           605  6.05000e+002 -3.05495e+000  1.25833e+002
           606  6.06000e+002 -3.05037e+000  1.26000e+002
           607  6.07000e+002 -3.04575e+000  1.26167e+002
           608  6.08000e+002 -3.04111e+000  1.26333e+002
           609  6.09000e+002 -3.03645e+000  1.26500e+002
           610  6.10000e+002 -3.03180e+000  1.26667e+002
           611  6.11000e+002 -3.02713e+000  1.26833e+002
           612  6.12000e+002 -3.02233e+000  1.27000e+002
           613  6.13000e+002 -3.01760e+000  1.27167e+002
           614  6.14000e+002 -3.01290e+000  1.27333e+002
           615  6.15000e+002 -3.00817e+000  1.27500e+002
           616  6.16000e+002 -3.00329e+000  1.27667e+002
           617  6.17000e+002 -2.99848e+000  1.27833e+002
           618  6.18000e+002 -2.99366e+000  1.28000e+002
           619  6.19000e+002 -2.98884e+000  1.28167e+002
           620  6.20000e+002 -2.98403e+000  1.28333e+002
           621  6.21000e+002 -2.97921e+000  1.28500e+002
           622  6.22000e+002 -2.97429e+000  1.28667e+002
           623  6.23000e+002 -2.96928e+000  1.28833e+002
           624  6.24000e+002 -2.96419e+000  1.29000e+002
           625  6.25000e+002 -2.95904e+000  1.29167e+002
           626  6.26000e+002 -2.95391e+000  1.29333e+002
           627  6.27000e+002 -2.94874e+000  1.29500e+002
           628  6.28000e+002 -2.94333e+000  1.29667e+002
           629  6.29000e+002 -2.93802e+000  1.29833e+002
           630  6.30000e+002 -2.93270e+000  1.30000e+002
           631  6.31000e+002 -2.92742e+000  1.30167e+002
           632  6.32000e+002 -2.92223e+000  1.30333e+002
           633  6.33000e+002 -2.91699e+000  1.30500e+002
           634  6.34000e+002 -2.91173e+000  1.30667e+002
           635  6.35000e+002 -2.90651e+000  1.30833e+002
           636  6.36000e+002 -2.90136e+000  1.31000e+002
           637  6.37000e+002 -2.89614e+000  1.31167e+002
           638  6.38000e+002 -2.89092e+000  1.31333e+002
           639  6.39000e+002 -2.88575e+000  1.31500e+002
           640  6.40000e+002 -2.88067e+000  1.31667e+002
           641  6.41000e+002 -2.87553e+000  1.31833e+002
           642  6.42000e+002 -2.87037e+000  1.32000e+002
           643  6.43000e+002 -2.86525e+000  1.32167e+002
           644  6.44000e+002 -2.86015e+000  1.32333e+002
           645  6.45000e+002 -2.85505e+000  1.32500e+002
           646  6.46000e+002 -2.85005e+000  1.32667e+002
           647  6.47000e+002 -2.84517e+000  1.32833e+002
           648  6.48000e+002 -2.84033e+000  1.33000e+002
           649  6.49000e+002 -2.83540e+000  1.33167e+002
           650  6.50000e+002 -2.83048e+000  1.33333e+002
           651  6.51000e+002 -2.82560e+000  1.33500e+002
           652  6.52000e+002 -2.82068e+000  1.33667e+002
           653  6.53000e+002 -2.81567e+000  1.33833e+002
           654  6.54000e+002 -2.81060e+000  1.34000e+002
           655  6.55000e+002 -2.80547e+000  1.34167e+002
           656  6.56000e+002 -2.80019e+000  1.34333e+002
           657  6.57000e+002 -2.79503e+000  1.34500e+002
           658  6.58000e+002 -2.78983e+000  1.34667e+002
           659  6.59000e+002 -2.78462e+000  1.34833e+002
           660  6.60000e+002 -2.77952e+000  1.35000e+002
           661  6.61000e+002 -2.77443e+000  1.35167e+002
           662  6.62000e+002 -2.76932e+000  1.35333e+002
           663  6.63000e+002 -2.76420e+000  1.35500e+002
           664  6.64000e+002 -2.75916e+000  1.35667e+002
           665  6.65000e+002 -2.75417e+000  1.35833e+002
           666  6.66000e+002 -2.74929e+000  1.36000e+002
           667  6.67000e+002 -2.74451e+000  1.36167e+002
           668  6.68000e+002 -2.73970e+000  1.36333e+002
           669  6.69000e+002 -2.73516e+000  1.36500e+002
           670  6.70000e+002 -2.73141e+000  1.36667e+002
           671  6.71000e+002 -2.72819e+000  1.36833e+002
           672  6.72000e+002 -2.72638e+000  1.37000e+002
           673  6.73000e+002 -2.72401e+000  1.37167e+002
           674  6.74000e+002 -2.72144e+000  1.37333e+002
           675  6.75000e+002 -2.71887e+000  1.37500e+002
           676  6.76000e+002 -2.71633e+000  1.37667e+002
           677  6.77000e+002 -2.71371e+000  1.37833e+002
           678  6.78000e+002 -2.71109e+000  1.38000e+002
           679  6.79000e+002 -2.70842e+000  1.38167e+002
           680  6.80000e+002 -2.70549e+000  1.38333e+002
           681  6.81000e+002 -2.70069e+000  1.38500e+002
           682  6.82000e+002 -2.69324e+000  1.38667e+002
           683  6.83000e+002 -2.68611e+000  1.38833e+002
           684  6.84000e+002 -2.67954e+000  1.39000e+002
           685  6.85000e+002 -2.67298e+000  1.39167e+002
           686  6.86000e+002 -2.66681e+000  1.39333e+002
           687  6.87000e+002 -2.66094e+000  1.39500e+002
           688  6.88000e+002 -2.65596e+000  1.39667e+002
           689  6.89000e+002 -2.65053e+000  1.39833e+002
           690  6.90000e+002 -2.64514e+000  1.40000e+002
           691  6.91000e+002 -2.63983e+000  1.40167e+002
           692  6.92000e+002 -2.63468e+000  1.40333e+002
           693  6.93000e+002 -2.62953e+000  1.40500e+002
           694  6.94000e+002 -2.62441e+000  1.40667e+002
           695  6.95000e+002 -2.61930e+000  1.40833e+002
           696  6.96000e+002 -2.61442e+000  1.41000e+002
           697  6.97000e+002 -2.60950e+000  1.41167e+002
           698  6.98000e+002 -2.60459e+000  1.41333e+002
           699  6.99000e+002 -2.59970e+000  1.41500e+002
           700  7.00000e+002 -2.59492e+000  1.41667e+002
           701  7.01000e+002 -2.59007e+000  1.41833e+002
           702  7.02000e+002 -2.58521e+000  1.42000e+002
           703  7.03000e+002 -2.58044e+000  1.42167e+002
           704  7.04000e+002 -2.57576e+000  1.42333e+002
           705  7.05000e+002 -2.57110e+000  1.42500e+002
           706  7.06000e+002 -2.56649e+000  1.42667e+002
           707  7.07000e+002 -2.56193e+000  1.42833e+002
           708  7.08000e+002 -2.55748e+000  1.43000e+002
           709  7.09000e+002 -2.55288e+000  1.43167e+002
           710  7.10000e+002 -2.54818e+000  1.43333e+002
           711  7.11000e+002 -2.54340e+000  1.43500e+002
           712  7.12000e+002 -2.53856e+000  1.43667e+002
           713  7.13000e+002 -2.53379e+000  1.43833e+002
           714  7.14000e+002 -2.52899e+000  1.44000e+002
           715  7.15000e+002 -2.52419e+000  1.44167e+002
           716  7.16000e+002 -2.51937e+000  1.44333e+002
           717  7.17000e+002 -2.51457e+000  1.44500e+002
           718  7.18000e+002 -2.50977e+000  1.44667e+002
           719  7.19000e+002 -2.50501e+000  1.44833e+002
           720  7.20000e+002 -2.50041e+000  1.45000e+002
           721  7.21000e+002 -2.49586e+000  1.45167e+002
           722  7.22000e+002 -2.49134e+000  1.45333e+002
           723  7.23000e+002 -2.48684e+000  1.45500e+002
           724  7.24000e+002 -2.48252e+000  1.45667e+002
           725  7.25000e+002 -2.47810e+000  1.45833e+002
           726  7.26000e+002 -2.47377e+000  1.46000e+002
           727  7.27000e+002 -2.46949e+000  1.46167e+002
           728  7.28000e+002 -2.46507e+000  1.46333e+002
           729  7.29000e+002 -2.46078e+000  1.46500e+002
           730  7.30000e+002 -2.45657e+000  1.46667e+002
           731  7.31000e+002 -2.45244e+000  1.46833e+002
           732  7.32000e+002 -2.44849e+000  1.47000e+002
           733  7.33000e+002 -2.44445e+000  1.47167e+002
           734  7.34000e+002 -2.44036e+000  1.47333e+002
           735  7.35000e+002 -2.43626e+000  1.47500e+002
           736  7.36000e+002 -2.43231e+000  1.47667e+002
           737  7.37000e+002 -2.42835e+000  1.47833e+002
           738  7.38000e+002 -2.42437e+000  1.48000e+002
           739  7.39000e+002 -2.42036e+000  1.48167e+002
           740  7.40000e+002 -2.41633e+000  1.48333e+002
           741  7.41000e+002 -2.41234e+000  1.48500e+002
           742  7.42000e+002 -2.40833e+000  1.48667e+002
           743  7.43000e+002 -2.40430e+000  1.48833e+002
           744  7.44000e+002 -2.40019e+000  1.49000e+002
           745  7.45000e+002 -2.39613e+000  1.49167e+002
           746  7.46000e+002 -2.39215e+000  1.49333e+002
           747  7.47000e+002 -2.38824e+000  1.49500e+002
           748  7.48000e+002 -2.38443e+000  1.49667e+002
           749  7.49000e+002 -2.38068e+000  1.49833e+002
           750  7.50000e+002 -2.37700e+000  1.50000e+002
           751  7.51000e+002 -2.37339e+000  1.50167e+002
           752  7.52000e+002 -2.37022e+000  1.50333e+002
           753  7.53000e+002 -2.36698e+000  1.50500e+002
           754  7.54000e+002 -2.36374e+000  1.50667e+002
           755  7.55000e+002 -2.36054e+000  1.50833e+002
           756  7.56000e+002 -2.35751e+000  1.51000e+002
           757  7.57000e+002 -2.35441e+000  1.51167e+002
           758  7.58000e+002 -2.35133e+000  1.51333e+002
           759  7.59000e+002 -2.34821e+000  1.51500e+002
           760  7.60000e+002 -2.34489e+000  1.51667e+002
           761  7.61000e+002 -2.34162e+000  1.51833e+002
           762  7.62000e+002 -2.33831e+000  1.52000e+002
           763  7.63000e+002 -2.33498e+000  1.52167e+002
           764  7.64000e+002 -2.33143e+000  1.52333e+002
           765  7.65000e+002 -2.32792e+000  1.52500e+002
           766  7.66000e+002 -2.32445e+000  1.52667e+002
           767  7.67000e+002 -2.32098e+000  1.52833e+002
           768  7.68000e+002 -2.31754e+000  1.53000e+002
           769  7.69000e+002 -2.31425e+000  1.53167e+002
           770  7.70000e+002 -2.31108e+000  1.53333e+002
           771  7.71000e+002 -2.30801e+000  1.53500e+002
           772  7.72000e+002 -2.30535e+000  1.53667e+002
           773  7.73000e+002 -2.30252e+000  1.53833e+002
           774  7.74000e+002 -2.29964e+000  1.54000e+002
           775  7.75000e+002 -2.29679e+000  1.54167e+002
           776  7.76000e+002 -2.29405e+000  1.54333e+002
           777  7.77000e+002 -2.29112e+000  1.54500e+002
           778  7.78000e+002 -2.28810e+000  1.54667e+002
           779  7.79000e+002 -2.28505e+000  1.54833e+002
           780  7.80000e+002 -2.28176e+000  1.55000e+002
           781  7.81000e+002 -2.27855e+000  1.55167e+002
           782  7.82000e+002 -2.27540e+000  1.55333e+002
           783  7.83000e+002 -2.27229e+000  1.55500e+002
           784  7.84000e+002 -2.26910e+000  1.55667e+002
           785  7.85000e+002 -2.26600e+000  1.55833e+002
           786  7.86000e+002 -2.26292e+000  1.56000e+002
           787  7.87000e+002 -2.25985e+000  1.56167e+002
           788  7.88000e+002 -2.25688e+000  1.56333e+002
           789  7.89000e+002 -2.25380e+000  1.56500e+002
           790  7.90000e+002 -2.25070e+000  1.56667e+002
           791  7.91000e+002 -2.24766e+000  1.56833e+002
           792  7.92000e+002 -2.24475e+000  1.57000e+002
           793  7.93000e+002 -2.24194e+000  1.57167e+002
           794  7.94000e+002 -2.23922e+000  1.57333e+002
           795  7.95000e+002 -2.23649e+000  1.57500e+002
           796  7.96000e+002 -2.23403e+000  1.57667e+002
           797  7.97000e+002 -2.23146e+000  1.57833e+002
           798  7.98000e+002 -2.22896e+000  1.58000e+002
           799  7.99000e+002 -2.22659e+000  1.58167e+002
           800  8.00000e+002 -2.22448e+000  1.58333e+002
           801  8.01000e+002 -2.22248e+000  1.58500e+002
           802  8.02000e+002 -2.22057e+000  1.58667e+002
           803  8.03000e+002 -2.21863e+000  1.58833e+002
           804  8.04000e+002 -2.21696e+000  1.59000e+002
           805  8.05000e+002 -2.21501e+000  1.59167e+002
           806  8.06000e+002 -2.21309e+000  1.59333e+002
           807  8.07000e+002 -2.21129e+000  1.59500e+002
           808  8.08000e+002 -2.20910e+000  1.59667e+002
           809  8.09000e+002 -2.20708e+000  1.59833e+002
           810  8.10000e+002 -2.20581e+000  1.60000e+002
           811  8.11000e+002 -2.20584e+000  1.60167e+002
           812  8.12000e+002 -2.20594e+000  1.60333e+002
           813  8.13000e+002 -2.20532e+000  1.60500e+002
           814  8.14000e+002 -2.20314e+000  1.60667e+002
           815  8.15000e+002 -2.20063e+000  1.60833e+002
           816  8.16000e+002 -2.19802e+000  1.61000e+002
           817  8.17000e+002 -2.19568e+000  1.61167e+002
           818  8.18000e+002 -2.19330e+000  1.61333e+002
           819  8.19000e+002 -2.19090e+000  1.61500e+002
           820  8.20000e+002 -2.18844e+000  1.61667e+002
           821  8.21000e+002 -2.18588e+000  1.61833e+002
           822  8.22000e+002 -2.18326e+000  1.62000e+002
           823  8.23000e+002 -2.18057e+000  1.62167e+002
           824  8.24000e+002 -2.17746e+000  1.62333e+002
           825  8.25000e+002 -2.17455e+000  1.62500e+002
           826  8.26000e+002 -2.17157e+000  1.62667e+002
           827  8.27000e+002 -2.16849e+000  1.62833e+002
           828  8.28000e+002 -2.16326e+000  1.63000e+002
           829  8.29000e+002 -2.15756e+000  1.63167e+002
           830  8.30000e+002 -2.15195e+000  1.63333e+002
           831  8.31000e+002 -2.14623e+000  1.63500e+002
           832  8.32000e+002 -2.14126e+000  1.63667e+002
           833  8.33000e+002 -2.13872e+000  1.63833e+002
           834  8.34000e+002 -2.14370e+000  1.64000e+002
           835  8.35000e+002 -2.15661e+000  1.64167e+002
           836  8.36000e+002 -2.16962e+000  1.64333e+002
           837  8.37000e+002 -2.17622e+000  1.64500e+002
           838  8.38000e+002 -2.17935e+000  1.64667e+002
           839  8.39000e+002 -2.18047e+000  1.64833e+002
           840  8.40000e+002 -2.17827e+000  1.65000e+002
           841  8.41000e+002 -2.17618e+000  1.65167e+002
           842  8.42000e+002 -2.17337e+000  1.65333e+002
           843  8.43000e+002 -2.17001e+000  1.65500e+002
           844  8.44000e+002 -2.16695e+000  1.65667e+002
           845  8.45000e+002 -2.16411e+000  1.65833e+002
           846  8.46000e+002 -2.16131e+000  1.66000e+002
           847  8.47000e+002 -2.15857e+000  1.66167e+002
           848  8.48000e+002 -2.15617e+000  1.66333e+002
           849  8.49000e+002 -2.15380e+000  1.66500e+002
           850  8.50000e+002 -2.15159e+000  1.66667e+002
           851  8.51000e+002 -2.14946e+000  1.66833e+002
           852  8.52000e+002 -2.14776e+000  1.67000e+002
           853  8.53000e+002 -2.14601e+000  1.67167e+002
           854  8.54000e+002 -2.14433e+000  1.67333e+002
           855  8.55000e+002 -2.14275e+000  1.67500e+002
           856  8.56000e+002 -2.14178e+000  1.67667e+002
           857  8.57000e+002 -2.14066e+000  1.67833e+002
           858  8.58000e+002 -2.13966e+000  1.68000e+002
           859  8.59000e+002 -2.13875e+000  1.68167e+002
           860  8.60000e+002 -2.13827e+000  1.68333e+002
           861  8.61000e+002 -2.13766e+000  1.68500e+002
           862  8.62000e+002 -2.13706e+000  1.68667e+002
           863  8.63000e+002 -2.13646e+000  1.68833e+002
           864  8.64000e+002 -2.13596e+000  1.69000e+002
           865  8.65000e+002 -2.13534e+000  1.69167e+002
           866  8.66000e+002 -2.13465e+000  1.69333e+002
           867  8.67000e+002 -2.13395e+000  1.69500e+002
           868  8.68000e+002 -2.13306e+000  1.69667e+002
           869  8.69000e+002 -2.13228e+000  1.69833e+002
           870  8.70000e+002 -2.13161e+000  1.70000e+002
           871  8.71000e+002 -2.13100e+000  1.70167e+002
           872  8.72000e+002 -2.13040e+000  1.70333e+002
           873  8.73000e+002 -2.12967e+000  1.70500e+002
           874  8.74000e+002 -2.12883e+000  1.70667e+002
           875  8.75000e+002 -2.12796e+000  1.70833e+002
           876  8.76000e+002 -2.12696e+000  1.71000e+002
           877  8.77000e+002 -2.12591e+000  1.71167e+002
           878  8.78000e+002 -2.12482e+000  1.71333e+002
           879  8.79000e+002 -2.12365e+000  1.71500e+002
           880  8.80000e+002 -2.12205e+000  1.71667e+002
           881  8.81000e+002 -2.12052e+000  1.71833e+002
           882  8.82000e+002 -2.11898e+000  1.72000e+002
           883  8.83000e+002 -2.11737e+000  1.72167e+002
           884  8.84000e+002 -2.11551e+000  1.72333e+002
           885  8.85000e+002 -2.11382e+000  1.72500e+002
           886  8.86000e+002 -2.11224e+000  1.72667e+002
           887  8.87000e+002 -2.11073e+000  1.72833e+002
           888  8.88000e+002 -2.10948e+000  1.73000e+002
           889  8.89000e+002 -2.10830e+000  1.73167e+002
           890  8.90000e+002 -2.10720e+000  1.73333e+002
           891  8.91000e+002 -2.10612e+000  1.73500e+002
           892  8.92000e+002 -2.10514e+000  1.73667e+002
           893  8.93000e+002 -2.10411e+000  1.73833e+002
           894  8.94000e+002 -2.10285e+000  1.74000e+002
           895  8.95000e+002 -2.10114e+000  1.74167e+002
           896  8.96000e+002 -2.09864e+000  1.74333e+002
           897  8.97000e+002 -2.09659e+000  1.74500e+002
           898  8.98000e+002 -2.09468e+000  1.74667e+002
           899  8.99000e+002 -2.09317e+000  1.74833e+002
           900  9.00000e+002 -2.09284e+000  1.75000e+002
           901  9.01000e+002 -2.09214e+000  1.75167e+002
           902  9.02000e+002 -2.09151e+000  1.75333e+002
           903  9.03000e+002 -2.09085e+000  1.75500e+002
           904  9.04000e+002 -2.09075e+000  1.75667e+002
           905  9.05000e+002 -2.09097e+000  1.75833e+002
           906  9.06000e+002 -2.09267e+000  1.76000e+002
           907  9.07000e+002 -2.09560e+000  1.76167e+002
           908  9.08000e+002 -2.09926e+000  1.76333e+002
           909  9.09000e+002 -2.10257e+000  1.76500e+002
           910  9.10000e+002 -2.10601e+000  1.76667e+002
           911  9.11000e+002 -2.10867e+000  1.76833e+002
           912  9.12000e+002 -2.10935e+000  1.77000e+002
           913  9.13000e+002 -2.10933e+000  1.77167e+002
           914  9.14000e+002 -2.10910e+000  1.77333e+002
           915  9.15000e+002 -2.10885e+000  1.77500e+002
           916  9.16000e+002 -2.10865e+000  1.77667e+002
           917  9.17000e+002 -2.10842e+000  1.77833e+002
           918  9.18000e+002 -2.10814e+000  1.78000e+002
           919  9.19000e+002 -2.10787e+000  1.78167e+002
           920  9.20000e+002 -2.10773e+000  1.78333e+002
           921  9.21000e+002 -2.10762e+000  1.78500e+002
           922  9.22000e+002 -2.10751e+000  1.78667e+002
           923  9.23000e+002 -2.10740e+000  1.78833e+002
           924  9.24000e+002 -2.10738e+000  1.79000e+002
           925  9.25000e+002 -2.10741e+000  1.79167e+002
           926  9.26000e+002 -2.10752e+000  1.79333e+002
           927  9.27000e+002 -2.10766e+000  1.79500e+002
           928  9.28000e+002 -2.10783e+000  1.79667e+002
           929  9.29000e+002 -2.10803e+000  1.79833e+002
           930  9.30000e+002 -2.10833e+000  1.80000e+002
           931  9.31000e+002 -2.10866e+000  1.80167e+002
           932  9.32000e+002 -2.10927e+000  1.80333e+002
           933  9.33000e+002 -2.10990e+000  1.80500e+002
           934  9.34000e+002 -2.11059e+000  1.80667e+002
           935  9.35000e+002 -2.11131e+000  1.80833e+002
           936  9.36000e+002 -2.11240e+000  1.81000e+002
           937  9.37000e+002 -2.11330e+000  1.81167e+002
           938  9.38000e+002 -2.11413e+000  1.81333e+002
           939  9.39000e+002 -2.11493e+000  1.81500e+002
           940  9.40000e+002 -2.11554e+000  1.81667e+002
           941  9.41000e+002 -2.11603e+000  1.81833e+002
           942  9.42000e+002 -2.11658e+000  1.82000e+002
           943  9.43000e+002 -2.11707e+000  1.82167e+002
           944  9.44000e+002 -2.11644e+000  1.82333e+002
           945  9.45000e+002 -2.11458e+000  1.82500e+002
           946  9.46000e+002 -2.11170e+000  1.82667e+002
           947  9.47000e+002 -2.10852e+000  1.82833e+002
           948  9.48000e+002 -2.11026e+000  1.83000e+002
           949  9.49000e+002 -2.11234e+000  1.83167e+002
           950  9.50000e+002 -2.11435e+000  1.83333e+002
           951  9.51000e+002 -2.11636e+000  1.83500e+002
           952  9.52000e+002 -2.11832e+000  1.83667e+002
           953  9.53000e+002 -2.12023e+000  1.83833e+002
           954  9.54000e+002 -2.12206e+000  1.84000e+002
           955  9.55000e+002 -2.12383e+000  1.84167e+002
           956  9.56000e+002 -2.12537e+000  1.84333e+002
           957  9.57000e+002 -2.12687e+000  1.84500e+002
           958  9.58000e+002 -2.12797e+000  1.84667e+002
           959  9.59000e+002 -2.12893e+000  1.84833e+002
           960  9.60000e+002 -2.12886e+000  1.85000e+002
           961  9.61000e+002 -2.12929e+000  1.85167e+002
           962  9.62000e+002 -2.12987e+000  1.85333e+002
           963  9.63000e+002 -2.13051e+000  1.85500e+002
           964  9.64000e+002 -2.13103e+000  1.85667e+002
           965  9.65000e+002 -2.13157e+000  1.85833e+002
           966  9.66000e+002 -2.13236e+000  1.86000e+002
           967  9.67000e+002 -2.13362e+000  1.86167e+002
           968  9.68000e+002 -2.12705e+000  1.86333e+002
           969  9.69000e+002 -2.09794e+000  1.86500e+002
           970  9.70000e+002 -2.06775e+000  1.86667e+002
           971  9.71000e+002 -2.06636e+000  1.86833e+002
           972  9.72000e+002 -2.08744e+000  1.87000e+002
           973  9.73000e+002 -2.10449e+000  1.87167e+002
           974  9.74000e+002 -2.11703e+000  1.87333e+002
           975  9.75000e+002 -2.12789e+000  1.87500e+002
           976  9.76000e+002 -2.13495e+000  1.87667e+002
           977  9.77000e+002 -2.14051e+000  1.87833e+002
           978  9.78000e+002 -2.14439e+000  1.88000e+002
           979  9.79000e+002 -2.14778e+000  1.88167e+002
           980  9.80000e+002 -2.15037e+000  1.88333e+002
           981  9.81000e+002 -2.15328e+000  1.88500e+002
           982  9.82000e+002 -2.15603e+000  1.88667e+002
           983  9.83000e+002 -2.15884e+000  1.88833e+002
           984  9.84000e+002 -2.16054e+000  1.89000e+002
           985  9.85000e+002 -2.16227e+000  1.89167e+002
           986  9.86000e+002 -2.16412e+000  1.89333e+002
           987  9.87000e+002 -2.16593e+000  1.89500e+002
           988  9.88000e+002 -2.16710e+000  1.89667e+002
           989  9.89000e+002 -2.16839e+000  1.89833e+002
           990  9.90000e+002 -2.16976e+000  1.90000e+002
           991  9.91000e+002 -2.17119e+000  1.90167e+002
           992  9.92000e+002 -2.17252e+000  1.90333e+002
           993  9.93000e+002 -2.17400e+000  1.90500e+002
           994  9.94000e+002 -2.17549e+000  1.90667e+002
           995  9.95000e+002 -2.17695e+000  1.90833e+002
           996  9.96000e+002 -2.17865e+000  1.91000e+002
           997  9.97000e+002 -2.18021e+000  1.91167e+002
           998  9.98000e+002 -2.18172e+000  1.91333e+002
           999  9.99000e+002 -2.18327e+000  1.91500e+002
          1000  1.00000e+003 -2.18462e+000  1.91667e+002
          1001  1.00100e+003 -2.18605e+000  1.91833e+002
          1002  1.00200e+003 -2.18750e+000  1.92000e+002
          1003  1.00300e+003 -2.18899e+000  1.92167e+002
          1004  1.00400e+003 -2.19055e+000  1.92333e+002
          1005  1.00500e+003 -2.19215e+000  1.92500e+002
          1006  1.00600e+003 -2.19371e+000  1.92667e+002
          1007  1.00700e+003 -2.19521e+000  1.92833e+002
          1008  1.00800e+003 -2.19666e+000  1.93000e+002
          1009  1.00900e+003 -2.19791e+000  1.93167e+002
          1010  1.01000e+003 -2.19908e+000  1.93333e+002
          1011  1.01100e+003 -2.20025e+000  1.93500e+002
          1012  1.01200e+003 -2.20101e+000  1.93667e+002
          1013  1.01300e+003 -2.20209e+000  1.93833e+002
          1014  1.01400e+003 -2.20330e+000  1.94000e+002
          1015  1.01500e+003 -2.20453e+000  1.94167e+002
          1016  1.01600e+003 -2.20616e+000  1.94333e+002
          1017  1.01700e+003 -2.20778e+000  1.94500e+002
          1018  1.01800e+003 -2.20956e+000  1.94667e+002
          1019  1.01900e+003 -2.21185e+000  1.94833e+002
          1020  1.02000e+003 -2.21439e+000  1.95000e+002
          1021  1.02100e+003 -2.21664e+000  1.95167e+002
          1022  1.02200e+003 -2.21878e+000  1.95333e+002
          1023  1.02300e+003 -2.22088e+000  1.95500e+002
          1024  1.02400e+003 -2.22286e+000  1.95667e+002
          1025  1.02500e+003 -2.22482e+000  1.95833e+002
          1026  1.02600e+003 -2.22673e+000  1.96000e+002
          1027  1.02700e+003 -2.22859e+000  1.96167e+002
          1028  1.02800e+003 -2.23016e+000  1.96333e+002
          1029  1.02900e+003 -2.23187e+000  1.96500e+002
          1030  1.03000e+003 -2.23363e+000  1.96667e+002
          1031  1.03100e+003 -2.23541e+000  1.96833e+002
          1032  1.03200e+003 -2.23705e+000  1.97000e+002
          1033  1.03300e+003 -2.23862e+000  1.97167e+002
          1034  1.03400e+003 -2.24006e+000  1.97333e+002
          1035  1.03500e+003 -2.24141e+000  1.97500e+002
          1036  1.03600e+003 -2.24257e+000  1.97667e+002
          1037  1.03700e+003 -2.24387e+000  1.97833e+002
          1038  1.03800e+003 -2.24508e+000  1.98000e+002
          1039  1.03900e+003 -2.24613e+000  1.98167e+002
          1040  1.04000e+003 -2.24753e+000  1.98333e+002
          1041  1.04100e+003 -2.24256e+000  1.98500e+002
          1042  1.04200e+003 -2.11963e+000  1.98667e+002
          1043  1.04300e+003 -1.78745e+000  1.98833e+002
          1044  1.04400e+003 -6.38687e-001  1.99000e+002
          1045  1.04500e+003  4.47396e-001  1.99167e+002
          1046  1.04600e+003  1.18398e+000  1.99333e+002
          1047  1.04700e+003  1.63566e+000  1.99500e+002
          1048  1.04800e+003  1.66278e+000  1.99667e+002
          1049  1.04900e+003  1.64970e+000  1.99833e+002
&]1[PYBr
